Q2_center	xbj_center	Content
2.825	0.2025	40765.7
2.875	0.2025	46574.7
2.875	0.2075	152431
2.925	0.2075	149319
2.925	0.2125	108212
2.975	0.2125	479962
2.975	0.2175	194444
2.975	0.2225	4384.44
3.025	0.2125	925513
3.025	0.2175	2.70963e+06
3.025	0.2225	311075
3.025	0.2275	10368.8
3.075	0.2175	3.2868e+06
3.075	0.2225	3.97139e+06
3.075	0.2275	282506
3.075	0.2325	8420.05
3.125	0.2225	6.12181e+06
3.125	0.2275	5.1518e+06
3.125	0.2325	226854
3.125	0.2375	57918.2
3.175	0.2225	452381
3.175	0.2275	9.37685e+06
3.175	0.2325	5.97745e+06
3.175	0.2375	373813
3.175	0.2425	164395
3.225	0.2275	4.18242e+06
3.225	0.2325	1.33396e+07
3.225	0.2375	7.079e+06
3.225	0.2425	624569
3.225	0.2475	120039
3.275	0.2325	1.08104e+07
3.275	0.2375	1.40353e+07
3.275	0.2425	7.30112e+06
3.275	0.2475	883702
3.275	0.2525	269821
3.325	0.2325	196188
3.325	0.2375	1.65614e+07
3.325	0.2425	1.3703e+07
3.325	0.2475	7.42278e+06
3.325	0.2525	1.57939e+06
3.325	0.2575	280360
3.325	0.2625	13467
3.375	0.2375	2.47619e+06
3.375	0.2425	1.98615e+07
3.375	0.2475	1.38789e+07
3.375	0.2525	8.25868e+06
3.375	0.2575	1.94106e+06
3.375	0.2625	329526
3.375	0.2675	103342
3.425	0.2425	8.45637e+06
3.425	0.2475	2.00556e+07
3.425	0.2525	1.33498e+07
3.425	0.2575	8.17859e+06
3.425	0.2625	2.87629e+06
3.425	0.2675	370751
3.425	0.2725	95327.4
3.475	0.2475	1.56527e+07
3.475	0.2525	1.95171e+07
3.475	0.2575	1.40174e+07
3.475	0.2625	8.2597e+06
3.475	0.2675	3.61583e+06
3.475	0.2725	397422
3.475	0.2775	150162
3.475	0.2825	11977
3.525	0.2475	1.30305e+06
3.525	0.2525	2.11962e+07
3.525	0.2575	1.88401e+07
3.525	0.2625	1.4788e+07
3.525	0.2675	7.80633e+06
3.525	0.2725	5.01419e+06
3.525	0.2775	796184
3.525	0.2825	179371
3.525	0.2875	41351.7
3.575	0.2525	5.4037e+06
3.575	0.2575	2.35503e+07
3.575	0.2625	1.83341e+07
3.575	0.2675	1.46106e+07
3.575	0.2725	7.74299e+06
3.575	0.2775	6.26782e+06
3.575	0.2825	1.19327e+06
3.575	0.2875	233027
3.575	0.2925	92999.6
3.625	0.2575	1.2558e+07
3.625	0.2625	2.34872e+07
3.625	0.2675	1.8547e+07
3.625	0.2725	1.44477e+07
3.625	0.2775	8.51527e+06
3.625	0.2825	6.54817e+06
3.625	0.2875	2.15376e+06
3.625	0.2925	235663
3.625	0.2975	128862
3.625	0.3025	10073.2
3.675	0.2575	339956
3.675	0.2625	2.0045e+07
3.675	0.2675	2.30498e+07
3.675	0.2725	1.86448e+07
3.675	0.2775	1.41553e+07
3.675	0.2825	9.70076e+06
3.675	0.2875	6.32265e+06
3.675	0.2925	3.2004e+06
3.675	0.2975	340633
3.675	0.3025	148369
3.675	0.3075	28691.5
3.725	0.2625	3.16425e+06
3.725	0.2675	2.40808e+07
3.725	0.2725	2.14717e+07
3.725	0.2775	1.80814e+07
3.725	0.2825	1.37741e+07
3.725	0.2875	1.01701e+07
3.725	0.2925	6.0376e+06
3.725	0.2975	4.41129e+06
3.725	0.3025	776330
3.725	0.3075	156725
3.725	0.3125	122221
3.725	0.3175	8787.71
3.775	0.2675	8.59209e+06
3.775	0.2725	2.44286e+07
3.775	0.2775	2.06249e+07
3.775	0.2825	1.7417e+07
3.775	0.2875	1.35092e+07
3.775	0.2925	1.05858e+07
3.775	0.2975	6.07034e+06
3.775	0.3025	4.88932e+06
3.775	0.3075	1.55303e+06
3.775	0.3125	155018
3.775	0.3175	247431
3.775	0.3225	90345.3
3.825	0.2725	1.53238e+07
3.825	0.2775	2.28962e+07
3.825	0.2825	1.96022e+07
3.825	0.2875	1.75988e+07
3.825	0.2925	1.29929e+07
3.825	0.2975	1.08584e+07
3.825	0.3025	6.47577e+06
3.825	0.3075	4.89635e+06
3.825	0.3125	2.46398e+06
3.825	0.3175	319162
3.825	0.3225	318021
3.825	0.3275	169367
3.825	0.3325	4945.69
3.875	0.2725	1.34686e+06
3.875	0.2775	1.9438e+07
3.875	0.2825	2.12913e+07
3.875	0.2875	1.87486e+07
3.875	0.2925	1.72128e+07
3.875	0.2975	1.27718e+07
3.875	0.3025	1.10918e+07
3.875	0.3075	7.73094e+06
3.875	0.3125	4.42151e+06
3.875	0.3175	3.55542e+06
3.875	0.3225	973718
3.875	0.3275	338929
3.875	0.3325	235988
3.875	0.3375	56206
3.925	0.2775	4.8922e+06
3.925	0.2825	2.01489e+07
3.925	0.2875	2.01192e+07
3.925	0.2925	1.78958e+07
3.925	0.2975	1.6589e+07
3.925	0.3025	1.29985e+07
3.925	0.3075	1.06334e+07
3.925	0.3125	8.81085e+06
3.925	0.3175	4.49269e+06
3.925	0.3225	4.2454e+06
3.925	0.3275	2.28971e+06
3.925	0.3325	353486
3.925	0.3375	258189
3.925	0.3425	87405.5
3.925	0.3475	17004.8
3.975	0.2825	1.01993e+07
3.975	0.2875	1.93274e+07
3.975	0.2925	1.89187e+07
3.975	0.2975	1.75985e+07
3.975	0.3025	1.59229e+07
3.975	0.3075	1.33327e+07
3.975	0.3125	1.04747e+07
3.975	0.3175	9.61457e+06
3.975	0.3225	4.88961e+06
3.975	0.3275	4.29638e+06
3.975	0.3325	3.3406e+06
3.975	0.3375	643316
3.975	0.3425	235843
3.975	0.3475	174272
3.975	0.3525	126359
3.975	0.3575	323.556
4.025	0.2825	354454
4.025	0.2875	1.46937e+07
4.025	0.2925	1.85507e+07
4.025	0.2975	1.78857e+07
4.025	0.3025	1.73373e+07
4.025	0.3075	1.51234e+07
4.025	0.3125	1.34268e+07
4.025	0.3175	1.05427e+07
4.025	0.3225	9.36458e+06
4.025	0.3275	5.82495e+06
4.025	0.3325	4.28128e+06
4.025	0.3375	3.5164e+06
4.025	0.3425	1.55631e+06
4.025	0.3475	221300
4.025	0.3525	232862
4.025	0.3575	156165
4.025	0.3625	32260
4.075	0.2875	2.64814e+06
4.075	0.2925	1.70821e+07
4.075	0.2975	1.73905e+07
4.075	0.3025	1.72013e+07
4.075	0.3075	1.63747e+07
4.075	0.3125	1.39435e+07
4.075	0.3175	1.33937e+07
4.075	0.3225	1.06871e+07
4.075	0.3275	8.93952e+06
4.075	0.3325	7.23783e+06
4.075	0.3375	4.48671e+06
4.075	0.3425	3.44284e+06
4.075	0.3475	2.5503e+06
4.075	0.3525	561324
4.075	0.3575	240556
4.075	0.3625	174509
4.075	0.3675	73350.1
4.075	0.3725	8813.82
4.125	0.2925	6.70435e+06
4.125	0.2975	1.70604e+07
4.125	0.3025	1.67985e+07
4.125	0.3075	1.6694e+07
4.125	0.3125	1.56975e+07
4.125	0.3175	1.38137e+07
4.125	0.3225	1.33135e+07
4.125	0.3275	1.12078e+07
4.125	0.3325	8.209e+06
4.125	0.3375	7.60414e+06
4.125	0.3425	4.99164e+06
4.125	0.3475	3.23145e+06
4.125	0.3525	3.13312e+06
4.125	0.3575	1.6308e+06
4.125	0.3625	273210
4.125	0.3675	161731
4.125	0.3725	139117
4.125	0.3775	66316.2
4.125	0.3825	796.753
4.175	0.2925	13389
4.175	0.2975	1.13181e+07
4.175	0.3025	1.6224e+07
4.175	0.3075	1.60303e+07
4.175	0.3125	1.57451e+07
4.175	0.3175	1.49847e+07
4.175	0.3225	1.37932e+07
4.175	0.3275	1.25323e+07
4.175	0.3325	1.14217e+07
4.175	0.3375	7.88713e+06
4.175	0.3425	7.65824e+06
4.175	0.3475	5.49924e+06
4.175	0.3525	3.18549e+06
4.175	0.3575	3.24006e+06
4.175	0.3625	2.8343e+06
4.175	0.3675	764284
4.175	0.3725	148844
4.175	0.3775	158926
4.175	0.3825	155763
4.175	0.3875	32460.5
4.225	0.2975	1.13056e+06
4.225	0.3025	1.40777e+07
4.225	0.3075	1.53016e+07
4.225	0.3125	1.53277e+07
4.225	0.3175	1.47643e+07
4.225	0.3225	1.43669e+07
4.225	0.3275	1.34869e+07
4.225	0.3325	1.1956e+07
4.225	0.3375	1.09303e+07
4.225	0.3425	8.37153e+06
4.225	0.3475	7.06374e+06
4.225	0.3525	6e+06
4.225	0.3575	3.6367e+06
4.225	0.3625	3.14708e+06
4.225	0.3675	3.36054e+06
4.225	0.3725	1.62562e+06
4.225	0.3775	213254
4.225	0.3825	157662
4.225	0.3875	178157
4.225	0.3925	69581.1
4.225	0.3975	19621.5
4.275	0.3025	3.95208e+06
4.275	0.3075	1.4907e+07
4.275	0.3125	1.44136e+07
4.275	0.3175	1.44762e+07
4.275	0.3225	1.3721e+07
4.275	0.3275	1.37837e+07
4.275	0.3325	1.31567e+07
4.275	0.3375	1.16233e+07
4.275	0.3425	1.07018e+07
4.275	0.3475	8.90314e+06
4.275	0.3525	6.74139e+06
4.275	0.3575	6.19078e+06
4.275	0.3625	4.54658e+06
4.275	0.3675	3.11965e+06
4.275	0.3725	3.17473e+06
4.275	0.3775	2.37016e+06
4.275	0.3825	842679
4.275	0.3875	154910
4.275	0.3925	168332
4.275	0.3975	111707
4.275	0.4025	65549
4.275	0.4075	6394.25
4.325	0.3075	7.67952e+06
4.325	0.3125	1.41119e+07
4.325	0.3175	1.37489e+07
4.325	0.3225	1.36516e+07
4.325	0.3275	1.29153e+07
4.325	0.3325	1.31539e+07
4.325	0.3375	1.28389e+07
4.325	0.3425	1.11535e+07
4.325	0.3475	9.97681e+06
4.325	0.3525	9.31771e+06
4.325	0.3575	6.78898e+06
4.325	0.3625	5.95458e+06
4.325	0.3675	5.37126e+06
4.325	0.3725	3.67222e+06
4.325	0.3775	2.95718e+06
4.325	0.3825	2.60555e+06
4.325	0.3875	1.76579e+06
4.325	0.3925	436229
4.325	0.3975	163388
4.325	0.4025	107272
4.325	0.4075	124630
4.325	0.4125	54640
4.325	0.4175	3901.41
4.375	0.3075	358521
4.375	0.3125	1.08421e+07
4.375	0.3175	1.35076e+07
4.375	0.3225	1.28363e+07
4.375	0.3275	1.27245e+07
4.375	0.3325	1.22389e+07
4.375	0.3375	1.23045e+07
4.375	0.3425	1.20721e+07
4.375	0.3475	1.09821e+07
4.375	0.3525	9.60847e+06
4.375	0.3575	9.42483e+06
4.375	0.3625	6.9021e+06
4.375	0.3675	5.52645e+06
4.375	0.3725	5.63366e+06
4.375	0.3775	4.33623e+06
4.375	0.3825	2.8723e+06
4.375	0.3875	2.42429e+06
4.375	0.3925	2.3525e+06
4.375	0.3975	1.14425e+06
4.375	0.4025	209120
4.375	0.4075	104593
4.375	0.4125	117523
4.375	0.4175	133546
4.375	0.4225	48174.7
4.375	0.4275	2763
4.425	0.3125	2.10453e+06
4.425	0.3175	1.22267e+07
4.425	0.3225	1.26914e+07
4.425	0.3275	1.22496e+07
4.425	0.3325	1.20808e+07
4.425	0.3375	1.15379e+07
4.425	0.3425	1.18197e+07
4.425	0.3475	1.1292e+07
4.425	0.3525	1.09739e+07
4.425	0.3575	9.2716e+06
4.425	0.3625	8.96325e+06
4.425	0.3675	7.58204e+06
4.425	0.3725	5.41544e+06
4.425	0.3775	5.4011e+06
4.425	0.3825	4.70065e+06
4.425	0.3875	3.14452e+06
4.425	0.3925	2.1973e+06
4.425	0.3975	2.26425e+06
4.425	0.4025	1.80348e+06
4.425	0.4075	747118
4.425	0.4125	101409
4.425	0.4175	111546
4.425	0.4225	143386
4.425	0.4275	101382
4.425	0.4325	22339.4
4.425	0.4375	1017.7
4.475	0.3175	5.16029e+06
4.475	0.3225	1.21693e+07
4.475	0.3275	1.20393e+07
4.475	0.3325	1.17578e+07
4.475	0.3375	1.16707e+07
4.475	0.3425	1.13366e+07
4.475	0.3475	1.10559e+07
4.475	0.3525	1.08289e+07
4.475	0.3575	1.06099e+07
4.475	0.3625	9.37539e+06
4.475	0.3675	8.40102e+06
4.475	0.3725	8.10494e+06
4.475	0.3775	5.86232e+06
4.475	0.3825	5.14837e+06
4.475	0.3875	4.67281e+06
4.475	0.3925	3.59451e+06
4.475	0.3975	2.38501e+06
4.475	0.4025	2.17605e+06
4.475	0.4075	1.92687e+06
4.475	0.4125	1.65016e+06
4.475	0.4175	436181
4.475	0.4225	110634
4.475	0.4275	135891
4.475	0.4325	103436
4.475	0.4375	59978.6
4.475	0.4425	32257.1
4.475	0.4475	329.266
4.525	0.3175	23883.7
4.525	0.3225	8.27925e+06
4.525	0.3275	1.17173e+07
4.525	0.3325	1.15802e+07
4.525	0.3375	1.14355e+07
4.525	0.3425	1.11086e+07
4.525	0.3475	1.03977e+07
4.525	0.3525	1.04625e+07
4.525	0.3575	1.01825e+07
4.525	0.3625	1.01393e+07
4.525	0.3675	9.29699e+06
4.525	0.3725	7.87538e+06
4.525	0.3775	7.89664e+06
4.525	0.3825	6.40311e+06
4.525	0.3875	5.07794e+06
4.525	0.3925	4.37133e+06
4.525	0.3975	4.258e+06
4.525	0.4025	3.02694e+06
4.525	0.4075	2.05123e+06
4.525	0.4125	1.82691e+06
4.525	0.4175	1.95864e+06
4.525	0.4225	1.27124e+06
4.525	0.4275	282742
4.525	0.4325	126203
4.525	0.4375	99308.2
4.525	0.4425	71583
4.525	0.4475	61667.5
4.525	0.4525	18027.9
4.525	0.4575	1443.75
4.575	0.3225	939108
4.575	0.3275	1.0452e+07
4.575	0.3325	1.14077e+07
4.575	0.3375	1.10831e+07
4.575	0.3425	1.09153e+07
4.575	0.3475	1.03385e+07
4.575	0.3525	1.00386e+07
4.575	0.3575	9.83044e+06
4.575	0.3625	9.84615e+06
4.575	0.3675	9.66753e+06
4.575	0.3725	9.07471e+06
4.575	0.3775	7.80221e+06
4.575	0.3825	7.58499e+06
4.575	0.3875	6.94553e+06
4.575	0.3925	5.31672e+06
4.575	0.3975	4.17178e+06
4.575	0.4025	4.29135e+06
4.575	0.4075	4.02152e+06
4.575	0.4125	2.47222e+06
4.575	0.4175	1.7342e+06
4.575	0.4225	1.86797e+06
4.575	0.4275	1.64689e+06
4.575	0.4325	1.0154e+06
4.575	0.4375	233871
4.575	0.4425	90961.3
4.575	0.4475	69543.1
4.575	0.4525	61042.6
4.575	0.4575	66357.3
4.575	0.4625	46037.8
4.575	0.4675	25.4372
4.625	0.3275	3.13037e+06
4.625	0.3325	1.10001e+07
4.625	0.3375	1.06913e+07
4.625	0.3425	1.06312e+07
4.625	0.3475	1.03926e+07
4.625	0.3525	9.90249e+06
4.625	0.3575	9.67968e+06
4.625	0.3625	9.43662e+06
4.625	0.3675	9.40487e+06
4.625	0.3725	9.12229e+06
4.625	0.3775	8.81752e+06
4.625	0.3825	8.0848e+06
4.625	0.3875	6.91883e+06
4.625	0.3925	6.98004e+06
4.625	0.3975	5.80216e+06
4.625	0.4025	4.09672e+06
4.625	0.4075	4.1355e+06
4.625	0.4125	4.39802e+06
4.625	0.4175	3.15802e+06
4.625	0.4225	1.86794e+06
4.625	0.4275	1.76368e+06
4.625	0.4325	1.62917e+06
4.625	0.4375	1.65445e+06
4.625	0.4425	850142
4.625	0.4475	150112
4.625	0.4525	64366.6
4.625	0.4575	57924.1
4.625	0.4625	73563.8
4.625	0.4675	69568
4.625	0.4725	30555.7
4.625	0.4775	3838.74
4.675	0.3325	5.86582e+06
4.675	0.3375	1.03954e+07
4.675	0.3425	1.03146e+07
4.675	0.3475	1.0053e+07
4.675	0.3525	1.01265e+07
4.675	0.3575	9.4265e+06
4.675	0.3625	9.30248e+06
4.675	0.3675	9.01063e+06
4.675	0.3725	8.55099e+06
4.675	0.3775	8.59051e+06
4.675	0.3825	8.66388e+06
4.675	0.3875	8.05055e+06
4.675	0.3925	6.75301e+06
4.675	0.3975	6.63794e+06
4.675	0.4025	6.41191e+06
4.675	0.4075	4.44721e+06
4.675	0.4125	3.93675e+06
4.675	0.4175	4.28534e+06
4.675	0.4225	3.82606e+06
4.675	0.4275	2.26966e+06
4.675	0.4325	1.70855e+06
4.675	0.4375	1.57646e+06
4.675	0.4425	1.66176e+06
4.675	0.4475	1.48946e+06
4.675	0.4525	688235
4.675	0.4575	111530
4.675	0.4625	53167.7
4.675	0.4675	70786.5
4.675	0.4725	72176.6
4.675	0.4775	77211.2
4.675	0.4825	64963.5
4.675	0.4875	5490.62
4.725	0.3325	308065
4.725	0.3375	8.3681e+06
4.725	0.3425	9.96022e+06
4.725	0.3475	9.57947e+06
4.725	0.3525	9.56324e+06
4.725	0.3575	9.21477e+06
4.725	0.3625	9.02851e+06
4.725	0.3675	8.88574e+06
4.725	0.3725	8.59523e+06
4.725	0.3775	8.20975e+06
4.725	0.3825	8.20135e+06
4.725	0.3875	8.25255e+06
4.725	0.3925	7.8503e+06
4.725	0.3975	6.75375e+06
4.725	0.4025	6.41716e+06
4.725	0.4075	6.24194e+06
4.725	0.4125	5.08742e+06
4.725	0.4175	3.93348e+06
4.725	0.4225	4.08953e+06
4.725	0.4275	3.66526e+06
4.725	0.4325	3.13913e+06
4.725	0.4375	1.95849e+06
4.725	0.4425	1.48897e+06
4.725	0.4475	1.58476e+06
4.725	0.4525	1.53054e+06
4.725	0.4575	1.34969e+06
4.725	0.4625	603934
4.725	0.4675	73273.6
4.725	0.4725	66903.5
4.725	0.4775	67866.1
4.725	0.4825	78094.1
4.725	0.4875	90616.2
4.725	0.4925	44179.8
4.725	0.4975	9664.89
4.775	0.3375	1.74762e+06
4.775	0.3425	9.54334e+06
4.775	0.3475	9.24054e+06
4.775	0.3525	9.24346e+06
4.775	0.3575	9.02947e+06
4.775	0.3625	8.59863e+06
4.775	0.3675	8.48028e+06
4.775	0.3725	8.22238e+06
4.775	0.3775	8.10661e+06
4.775	0.3825	7.74819e+06
4.775	0.3875	7.76372e+06
4.775	0.3925	7.84207e+06
4.775	0.3975	7.47875e+06
4.775	0.4025	6.72564e+06
4.775	0.4075	6.08989e+06
4.775	0.4125	5.99804e+06
4.775	0.4175	5.20428e+06
4.775	0.4225	4.24981e+06
4.775	0.4275	3.94361e+06
4.775	0.4325	3.41796e+06
4.775	0.4375	3.34378e+06
4.775	0.4425	2.65792e+06
4.775	0.4475	1.63567e+06
4.775	0.4525	1.50724e+06
4.775	0.4575	1.44179e+06
4.775	0.4625	1.45159e+06
4.775	0.4675	1.11942e+06
4.775	0.4725	497558
4.775	0.4775	95368.7
4.775	0.4825	64458.3
4.775	0.4875	73611.5
4.775	0.4925	85819.6
4.775	0.4975	57888.7
4.775	0.5025	42332.6
4.775	0.5075	19180.5
4.775	0.5125	829.006
4.825	0.3425	4.05927e+06
4.825	0.3475	9.18045e+06
4.825	0.3525	8.9179e+06
4.825	0.3575	8.71733e+06
4.825	0.3625	8.62052e+06
4.825	0.3675	7.9983e+06
4.825	0.3725	8.21245e+06
4.825	0.3775	8.02486e+06
4.825	0.3825	7.57419e+06
4.825	0.3875	7.46709e+06
4.825	0.3925	7.36618e+06
4.825	0.3975	7.52047e+06
4.825	0.4025	7.1248e+06
4.825	0.4075	6.69556e+06
4.825	0.4125	6.0337e+06
4.825	0.4175	5.52033e+06
4.825	0.4225	4.98152e+06
4.825	0.4275	4.86688e+06
4.825	0.4325	4.01163e+06
4.825	0.4375	3.18172e+06
4.825	0.4425	3.12179e+06
4.825	0.4475	3.09031e+06
4.825	0.4525	2.37433e+06
4.825	0.4575	1.57854e+06
4.825	0.4625	1.39683e+06
4.825	0.4675	1.35996e+06
4.825	0.4725	1.20118e+06
4.825	0.4775	1.13813e+06
4.825	0.4825	601172
4.825	0.4875	95105.7
4.825	0.4925	69944
4.825	0.4975	83659.5
4.825	0.5025	54737.1
4.825	0.5075	54921.4
4.825	0.5125	35517.1
4.825	0.5175	25148
4.825	0.5225	4787.95
4.875	0.3425	37986
4.875	0.3475	6.48713e+06
4.875	0.3525	8.60774e+06
4.875	0.3575	8.4431e+06
4.875	0.3625	8.27439e+06
4.875	0.3675	8.08972e+06
4.875	0.3725	7.73393e+06
4.875	0.3775	7.66293e+06
4.875	0.3825	7.52439e+06
4.875	0.3875	7.14618e+06
4.875	0.3925	7.11046e+06
4.875	0.3975	6.9892e+06
4.875	0.4025	7.06563e+06
4.875	0.4075	6.6934e+06
4.875	0.4125	6.50045e+06
4.875	0.4175	6.1361e+06
4.875	0.4225	5.21604e+06
4.875	0.4275	4.85798e+06
4.875	0.4325	4.92363e+06
4.875	0.4375	4.20761e+06
4.875	0.4425	3.11589e+06
4.875	0.4475	3.08547e+06
4.875	0.4525	2.95426e+06
4.875	0.4575	2.96392e+06
4.875	0.4625	2.1827e+06
4.875	0.4675	1.33887e+06
4.875	0.4725	1.26164e+06
4.875	0.4775	1.10236e+06
4.875	0.4825	1.25856e+06
4.875	0.4875	1.12939e+06
4.875	0.4925	569072
4.875	0.4975	112413
4.875	0.5025	78101.2
4.875	0.5075	53599.1
4.875	0.5125	51419.7
4.875	0.5175	39366
4.875	0.5225	55279.4
4.875	0.5275	35345.2
4.875	0.5325	19927.3
4.925	0.3475	830416
4.925	0.3525	7.85133e+06
4.925	0.3575	8.06427e+06
4.925	0.3625	8.04548e+06
4.925	0.3675	7.88477e+06
4.925	0.3725	7.46998e+06
4.925	0.3775	7.61633e+06
4.925	0.3825	7.08271e+06
4.925	0.3875	7.16732e+06
4.925	0.3925	6.78763e+06
4.925	0.3975	6.76934e+06
4.925	0.4025	6.60381e+06
4.925	0.4075	6.56818e+06
4.925	0.4125	6.24158e+06
4.925	0.4175	6.11776e+06
4.925	0.4225	6.1254e+06
4.925	0.4275	5.08529e+06
4.925	0.4325	4.56231e+06
4.925	0.4375	4.62815e+06
4.925	0.4425	4.50543e+06
4.925	0.4475	3.45087e+06
4.925	0.4525	2.90979e+06
4.925	0.4575	2.77703e+06
4.925	0.4625	2.89754e+06
4.925	0.4675	2.70845e+06
4.925	0.4725	1.86495e+06
4.925	0.4775	1.26524e+06
4.925	0.4825	1.05516e+06
4.925	0.4875	1.18428e+06
4.925	0.4925	1.20345e+06
4.925	0.4975	1.01746e+06
4.925	0.5025	499829
4.925	0.5075	132914
4.925	0.5125	49942.7
4.925	0.5175	47848.7
4.925	0.5225	38642.4
4.925	0.5275	51343.9
4.925	0.5325	58266.9
4.925	0.5375	62920
4.925	0.5425	15451.1
4.925	0.5475	892.685
4.975	0.3525	2.52538e+06
4.975	0.3575	7.94399e+06
4.975	0.3625	7.70202e+06
4.975	0.3675	7.69485e+06
4.975	0.3725	7.48992e+06
4.975	0.3775	7.18259e+06
4.975	0.3825	6.9517e+06
4.975	0.3875	6.80433e+06
4.975	0.3925	6.83203e+06
4.975	0.3975	6.48046e+06
4.975	0.4025	6.36835e+06
4.975	0.4075	6.2672e+06
4.975	0.4125	6.08832e+06
4.975	0.4175	5.97283e+06
4.975	0.4225	5.69797e+06
4.975	0.4275	5.86748e+06
4.975	0.4325	5.13348e+06
4.975	0.4375	4.40846e+06
4.975	0.4425	4.33817e+06
4.975	0.4475	4.44075e+06
4.975	0.4525	3.99196e+06
4.975	0.4575	3.06443e+06
4.975	0.4625	2.693e+06
4.975	0.4675	2.74177e+06
4.975	0.4725	2.66418e+06
4.975	0.4775	2.213e+06
4.975	0.4825	1.7087e+06
4.975	0.4875	1.01961e+06
4.975	0.4925	1.09488e+06
4.975	0.4975	1.11425e+06
4.975	0.5025	996212
4.975	0.5075	809298
4.975	0.5125	505170
4.975	0.5175	182394
4.975	0.5225	44381.4
4.975	0.5275	37948.6
4.975	0.5325	47323.1
4.975	0.5375	51390.3
4.975	0.5425	70850
4.975	0.5475	38330.4
4.975	0.5525	27383.9
4.975	0.5575	1955.9
5.025	0.3575	4.63752e+06
5.025	0.3625	7.47907e+06
5.025	0.3675	7.40099e+06
5.025	0.3725	7.21862e+06
5.025	0.3775	6.93145e+06
5.025	0.3825	6.67621e+06
5.025	0.3875	6.63579e+06
5.025	0.3925	6.37409e+06
5.025	0.3975	6.44073e+06
5.025	0.4025	6.21506e+06
5.025	0.4075	6.29453e+06
5.025	0.4125	5.97598e+06
5.025	0.4175	5.81768e+06
5.025	0.4225	5.6361e+06
5.025	0.4275	5.72236e+06
5.025	0.4325	5.56057e+06
5.025	0.4375	4.98703e+06
5.025	0.4425	4.599e+06
5.025	0.4475	4.11315e+06
5.025	0.4525	4.2185e+06
5.025	0.4575	4.07917e+06
5.025	0.4625	3.47427e+06
5.025	0.4675	2.77612e+06
5.025	0.4725	2.54501e+06
5.025	0.4775	2.50294e+06
5.025	0.4825	2.31406e+06
5.025	0.4875	2.09043e+06
5.025	0.4925	1.38585e+06
5.025	0.4975	1.10842e+06
5.025	0.5025	1.0532e+06
5.025	0.5075	944700
5.025	0.5125	783740
5.025	0.5175	817384
5.025	0.5225	625554
5.025	0.5275	256944
5.025	0.5325	38175.6
5.025	0.5375	38928.7
5.025	0.5425	50447.7
5.025	0.5475	64397.9
5.025	0.5525	38827.4
5.025	0.5575	31854.8
5.025	0.5625	14957.7
5.025	0.5675	12094.6
5.025	0.5725	2644.37
5.075	0.3575	297581
5.075	0.3625	6.18796e+06
5.075	0.3675	7.11226e+06
5.075	0.3725	7.12982e+06
5.075	0.3775	6.96984e+06
5.075	0.3825	6.51049e+06
5.075	0.3875	6.5664e+06
5.075	0.3925	6.16957e+06
5.075	0.3975	6.01105e+06
5.075	0.4025	6.11753e+06
5.075	0.4075	6.00112e+06
5.075	0.4125	5.83314e+06
5.075	0.4175	5.54084e+06
5.075	0.4225	5.54253e+06
5.075	0.4275	5.54704e+06
5.075	0.4325	5.38422e+06
5.075	0.4375	5.26662e+06
5.075	0.4425	4.8944e+06
5.075	0.4475	4.74463e+06
5.075	0.4525	4.05262e+06
5.075	0.4575	4.04946e+06
5.075	0.4625	3.90727e+06
5.075	0.4675	3.71891e+06
5.075	0.4725	3.121e+06
5.075	0.4775	2.4833e+06
5.075	0.4825	2.34912e+06
5.075	0.4875	2.18642e+06
5.075	0.4925	2.15081e+06
5.075	0.4975	2.04706e+06
5.075	0.5025	1.38666e+06
5.075	0.5075	1.03269e+06
5.075	0.5125	896499
5.075	0.5175	753190
5.075	0.5225	781948
5.075	0.5275	843218
5.075	0.5325	768116
5.075	0.5375	311930
5.075	0.5425	50569
5.075	0.5475	47324.6
5.075	0.5525	62749.9
5.075	0.5575	35755.3
5.075	0.5625	32936.7
5.075	0.5675	17164.3
5.075	0.5725	23054.2
5.075	0.5775	13169.2
5.075	0.5825	2925.47
5.075	0.5875	3966.98
5.125	0.3625	1.43995e+06
5.125	0.3675	6.93436e+06
5.125	0.3725	6.72968e+06
5.125	0.3775	6.9173e+06
5.125	0.3825	6.66587e+06
5.125	0.3875	6.16971e+06
5.125	0.3925	6.23369e+06
5.125	0.3975	5.80832e+06
5.125	0.4025	5.87148e+06
5.125	0.4075	5.6587e+06
5.125	0.4125	5.85362e+06
5.125	0.4175	5.53739e+06
5.125	0.4225	5.25773e+06
5.125	0.4275	5.14623e+06
5.125	0.4325	5.21603e+06
5.125	0.4375	5.13355e+06
5.125	0.4425	4.9182e+06
5.125	0.4475	4.69356e+06
5.125	0.4525	4.7443e+06
5.125	0.4575	4.1352e+06
5.125	0.4625	3.98811e+06
5.125	0.4675	3.72128e+06
5.125	0.4725	3.58279e+06
5.125	0.4775	3.15705e+06
5.125	0.4825	2.72377e+06
5.125	0.4875	2.24945e+06
5.125	0.4925	2.10967e+06
5.125	0.4975	2.0377e+06
5.125	0.5025	2.08642e+06
5.125	0.5075	1.6385e+06
5.125	0.5125	1.24628e+06
5.125	0.5175	848447
5.125	0.5225	674234
5.125	0.5275	761394
5.125	0.5325	793907
5.125	0.5375	820535
5.125	0.5425	643846
5.125	0.5475	354565
5.125	0.5525	125940
5.125	0.5575	56377.7
5.125	0.5625	32222.6
5.125	0.5675	33107.1
5.125	0.5725	14351
5.125	0.5775	21568.2
5.125	0.5825	15366.4
5.125	0.5875	24767.3
5.125	0.5925	16191
5.125	0.5975	5885.14
5.125	0.6025	266.907
5.175	0.3675	3.1595e+06
5.175	0.3725	6.5552e+06
5.175	0.3775	6.40446e+06
5.175	0.3825	6.58926e+06
5.175	0.3875	6.2208e+06
5.175	0.3925	5.88444e+06
5.175	0.3975	5.97057e+06
5.175	0.4025	5.47939e+06
5.175	0.4075	5.61283e+06
5.175	0.4125	5.5341e+06
5.175	0.4175	5.62116e+06
5.175	0.4225	5.27341e+06
5.175	0.4275	5.14993e+06
5.175	0.4325	4.97942e+06
5.175	0.4375	5.0009e+06
5.175	0.4425	4.80652e+06
5.175	0.4475	4.71743e+06
5.175	0.4525	4.44574e+06
5.175	0.4575	4.51355e+06
5.175	0.4625	4.17333e+06
5.175	0.4675	3.98301e+06
5.175	0.4725	3.52874e+06
5.175	0.4775	3.37899e+06
5.175	0.4825	3.06587e+06
5.175	0.4875	2.90723e+06
5.175	0.4925	2.5632e+06
5.175	0.4975	1.95009e+06
5.175	0.5025	1.97951e+06
5.175	0.5075	1.97052e+06
5.175	0.5125	1.68737e+06
5.175	0.5175	1.56262e+06
5.175	0.5225	1.15821e+06
5.175	0.5275	672527
5.175	0.5325	714147
5.175	0.5375	741551
5.175	0.5425	782132
5.175	0.5475	666390
5.175	0.5525	652376
5.175	0.5575	478323
5.175	0.5625	214154
5.175	0.5675	35075.1
5.175	0.5725	33079.3
5.175	0.5775	13630.7
5.175	0.5825	19696.1
5.175	0.5875	17224.4
5.175	0.5925	21385.5
5.175	0.5975	26538.2
5.175	0.6025	18294.5
5.175	0.6075	12947.8
5.175	0.6125	2385.63
5.225	0.3675	49305.8
5.225	0.3725	4.85976e+06
5.225	0.3775	6.21625e+06
5.225	0.3825	6.20913e+06
5.225	0.3875	6.17844e+06
5.225	0.3925	5.88062e+06
5.225	0.3975	5.65477e+06
5.225	0.4025	5.64635e+06
5.225	0.4075	5.34189e+06
5.225	0.4125	5.3595e+06
5.225	0.4175	5.3141e+06
5.225	0.4225	5.24465e+06
5.225	0.4275	4.93235e+06
5.225	0.4325	4.83037e+06
5.225	0.4375	4.81647e+06
5.225	0.4425	4.64279e+06
5.225	0.4475	4.50985e+06
5.225	0.4525	4.22936e+06
5.225	0.4575	4.21209e+06
5.225	0.4625	4.23171e+06
5.225	0.4675	4.06665e+06
5.225	0.4725	3.81125e+06
5.225	0.4775	3.41033e+06
5.225	0.4825	3.15619e+06
5.225	0.4875	2.86759e+06
5.225	0.4925	2.98065e+06
5.225	0.4975	2.85517e+06
5.225	0.5025	2.14815e+06
5.225	0.5075	1.88153e+06
5.225	0.5125	1.8859e+06
5.225	0.5175	1.57259e+06
5.225	0.5225	1.65358e+06
5.225	0.5275	1.45514e+06
5.225	0.5325	1.04351e+06
5.225	0.5375	722115
5.225	0.5425	702968
5.225	0.5475	755410
5.225	0.5525	633314
5.225	0.5575	624765
5.225	0.5625	644087
5.225	0.5675	486429
5.225	0.5725	235503
5.225	0.5775	75930.4
5.225	0.5825	13655.6
5.225	0.5875	18687.5
5.225	0.5925	17362.2
5.225	0.5975	15461.4
5.225	0.6025	25145.9
5.225	0.6075	19239.3
5.225	0.6125	18820
5.225	0.6175	4909.2
5.225	0.6225	5908.07
5.225	0.6275	2837.83
5.275	0.3725	757744
5.275	0.3775	5.59361e+06
5.275	0.3825	5.87038e+06
5.275	0.3875	5.88119e+06
5.275	0.3925	5.94506e+06
5.275	0.3975	5.62139e+06
5.275	0.4025	5.43574e+06
5.275	0.4075	5.3009e+06
5.275	0.4125	5.23778e+06
5.275	0.4175	5.08866e+06
5.275	0.4225	5.04947e+06
5.275	0.4275	4.92708e+06
5.275	0.4325	4.71161e+06
5.275	0.4375	4.46663e+06
5.275	0.4425	4.40494e+06
5.275	0.4475	4.39562e+06
5.275	0.4525	4.37877e+06
5.275	0.4575	4.15587e+06
5.275	0.4625	4.19001e+06
5.275	0.4675	4.04839e+06
5.275	0.4725	3.90258e+06
5.275	0.4775	3.75844e+06
5.275	0.4825	3.51981e+06
5.275	0.4875	3.09525e+06
5.275	0.4925	2.79774e+06
5.275	0.4975	2.81057e+06
5.275	0.5025	2.86613e+06
5.275	0.5075	2.59555e+06
5.275	0.5125	1.93339e+06
5.275	0.5175	1.77633e+06
5.275	0.5225	1.51615e+06
5.275	0.5275	1.55248e+06
5.275	0.5325	1.48789e+06
5.275	0.5375	1.46109e+06
5.275	0.5425	1.16312e+06
5.275	0.5475	733160
5.275	0.5525	708096
5.275	0.5575	596149
5.275	0.5625	583888
5.275	0.5675	594357
5.275	0.5725	528655
5.275	0.5775	476741
5.275	0.5825	337268
5.275	0.5875	113078
5.275	0.5925	20821.9
5.275	0.5975	16248.3
5.275	0.6025	13939.3
5.275	0.6075	27743.7
5.275	0.6125	16549.7
5.275	0.6175	18528.9
5.275	0.6225	7037.61
5.275	0.6275	6160.43
5.325	0.3775	2.01099e+06
5.325	0.3825	5.65328e+06
5.325	0.3875	5.68927e+06
5.325	0.3925	5.59131e+06
5.325	0.3975	5.56708e+06
5.325	0.4025	5.24287e+06
5.325	0.4075	5.21891e+06
5.325	0.4125	5.06708e+06
5.325	0.4175	4.9768e+06
5.325	0.4225	4.82789e+06
5.325	0.4275	4.68849e+06
5.325	0.4325	4.61544e+06
5.325	0.4375	4.46676e+06
5.325	0.4425	4.33412e+06
5.325	0.4475	4.2324e+06
5.325	0.4525	4.24442e+06
5.325	0.4575	4.0457e+06
5.325	0.4625	4.11174e+06
5.325	0.4675	4.11319e+06
5.325	0.4725	3.77703e+06
5.325	0.4775	3.72874e+06
5.325	0.4825	3.67603e+06
5.325	0.4875	3.56179e+06
5.325	0.4925	3.1419e+06
5.325	0.4975	2.65851e+06
5.325	0.5025	2.68839e+06
5.325	0.5075	2.81483e+06
5.325	0.5125	2.66499e+06
5.325	0.5175	2.15785e+06
5.325	0.5225	1.82153e+06
5.325	0.5275	1.45727e+06
5.325	0.5325	1.48877e+06
5.325	0.5375	1.37731e+06
5.325	0.5425	1.47247e+06
5.325	0.5475	1.47214e+06
5.325	0.5525	983878
5.325	0.5575	791277
5.325	0.5625	590123
5.325	0.5675	533252
5.325	0.5725	567462
5.325	0.5775	532376
5.325	0.5825	463290
5.325	0.5875	456819
5.325	0.5925	393673
5.325	0.5975	215746
5.325	0.6025	71468.3
5.325	0.6075	9827.34
5.325	0.6125	27369.3
5.325	0.6175	13924.8
5.325	0.6225	17578.4
5.325	0.6275	9621.5
5.375	0.3825	3.46989e+06
5.375	0.3875	5.38577e+06
5.375	0.3925	5.39553e+06
5.375	0.3975	5.21546e+06
5.375	0.4025	5.14081e+06
5.375	0.4075	5.06638e+06
5.375	0.4125	4.99996e+06
5.375	0.4175	4.91372e+06
5.375	0.4225	4.74888e+06
5.375	0.4275	4.67998e+06
5.375	0.4325	4.52294e+06
5.375	0.4375	4.26704e+06
5.375	0.4425	4.21078e+06
5.375	0.4475	4.01853e+06
5.375	0.4525	4.11152e+06
5.375	0.4575	3.995e+06
5.375	0.4625	3.87002e+06
5.375	0.4675	3.9551e+06
5.375	0.4725	3.8622e+06
5.375	0.4775	3.58235e+06
5.375	0.4825	3.51422e+06
5.375	0.4875	3.45774e+06
5.375	0.4925	3.44786e+06
5.375	0.4975	3.07262e+06
5.375	0.5025	2.67181e+06
5.375	0.5075	2.54482e+06
5.375	0.5125	2.56926e+06
5.375	0.5175	2.4791e+06
5.375	0.5225	2.27861e+06
5.375	0.5275	2.0613e+06
5.375	0.5325	1.49576e+06
5.375	0.5375	1.36339e+06
5.375	0.5425	1.33004e+06
5.375	0.5475	1.38261e+06
5.375	0.5525	1.38657e+06
5.375	0.5575	1.17214e+06
5.375	0.5625	1.01305e+06
5.375	0.5675	736843
5.375	0.5725	512222
5.375	0.5775	543136
5.375	0.5825	498734
5.375	0.5875	425782
5.375	0.5925	435220
5.375	0.5975	437153
5.375	0.6025	448038
5.375	0.6075	330428
5.375	0.6125	124712
5.375	0.6175	38367.1
5.375	0.6225	14654.4
5.375	0.6275	16650.3
5.375	0.6325	10170.2
5.425	0.3825	258251
5.425	0.3875	4.50713e+06
5.425	0.3925	5.21484e+06
5.425	0.3975	5.15241e+06
5.425	0.4025	4.94469e+06
5.425	0.4075	4.82537e+06
5.425	0.4125	4.89518e+06
5.425	0.4175	4.72472e+06
5.425	0.4225	4.64052e+06
5.425	0.4275	4.53474e+06
5.425	0.4325	4.4311e+06
5.425	0.4375	4.16277e+06
5.425	0.4425	4.15549e+06
5.425	0.4475	4.02555e+06
5.425	0.4525	3.85962e+06
5.425	0.4575	3.80448e+06
5.425	0.4625	3.84753e+06
5.425	0.4675	3.63599e+06
5.425	0.4725	3.75875e+06
5.425	0.4775	3.59604e+06
5.425	0.4825	3.31716e+06
5.425	0.4875	3.34962e+06
5.425	0.4925	3.32992e+06
5.425	0.4975	3.2092e+06
5.425	0.5025	3.0167e+06
5.425	0.5075	2.84901e+06
5.425	0.5125	2.54829e+06
5.425	0.5175	2.41506e+06
5.425	0.5225	2.32405e+06
5.425	0.5275	2.13497e+06
5.425	0.5325	2.18703e+06
5.425	0.5375	1.88755e+06
5.425	0.5425	1.49155e+06
5.425	0.5475	1.24119e+06
5.425	0.5525	1.29507e+06
5.425	0.5575	1.36141e+06
5.425	0.5625	1.1288e+06
5.425	0.5675	1.11466e+06
5.425	0.5725	1.02725e+06
5.425	0.5775	762714
5.425	0.5825	560627
5.425	0.5875	460286
5.425	0.5925	410665
5.425	0.5975	414853
5.425	0.6025	395283
5.425	0.6075	422377
5.425	0.6125	414588
5.425	0.6175	325708
5.425	0.6225	224957
5.425	0.6275	93048.2
5.425	0.6325	14333.8
5.425	0.6375	726.482
5.475	0.3875	1.1407e+06
5.475	0.3925	4.84684e+06
5.475	0.3975	4.90587e+06
5.475	0.4025	4.8652e+06
5.475	0.4075	4.65083e+06
5.475	0.4125	4.59492e+06
5.475	0.4175	4.62633e+06
5.475	0.4225	4.50658e+06
5.475	0.4275	4.34661e+06
5.475	0.4325	4.25639e+06
5.475	0.4375	4.03278e+06
5.475	0.4425	4.03437e+06
5.475	0.4475	3.96686e+06
5.475	0.4525	3.94772e+06
5.475	0.4575	3.69874e+06
5.475	0.4625	3.65124e+06
5.475	0.4675	3.64494e+06
5.475	0.4725	3.46529e+06
5.475	0.4775	3.63037e+06
5.475	0.4825	3.41205e+06
5.475	0.4875	3.19769e+06
5.475	0.4925	3.13573e+06
5.475	0.4975	3.12537e+06
5.475	0.5025	3.04586e+06
5.475	0.5075	2.86317e+06
5.475	0.5125	2.7605e+06
5.475	0.5175	2.55758e+06
5.475	0.5225	2.39183e+06
5.475	0.5275	2.19738e+06
5.475	0.5325	2.02999e+06
5.475	0.5375	2.1094e+06
5.475	0.5425	1.96999e+06
5.475	0.5475	1.74758e+06
5.475	0.5525	1.29144e+06
5.475	0.5575	1.21242e+06
5.475	0.5625	1.2653e+06
5.475	0.5675	1.04715e+06
5.475	0.5725	1.05321e+06
5.475	0.5775	1.03572e+06
5.475	0.5825	1.054e+06
5.475	0.5875	802981
5.475	0.5925	540882
5.475	0.5975	385999
5.475	0.6025	400214
5.475	0.6075	363990
5.475	0.6125	385821
5.475	0.6175	396709
5.475	0.6225	342439
5.475	0.6275	332908
5.475	0.6325	298073
5.475	0.6375	108950
5.525	0.3925	2.38699e+06
5.525	0.3975	4.78656e+06
5.525	0.4025	4.67928e+06
5.525	0.4075	4.54774e+06
5.525	0.4125	4.35675e+06
5.525	0.4175	4.42106e+06
5.525	0.4225	4.43422e+06
5.525	0.4275	4.35661e+06
5.525	0.4325	4.20302e+06
5.525	0.4375	4.0404e+06
5.525	0.4425	3.71678e+06
5.525	0.4475	3.79904e+06
5.525	0.4525	3.77893e+06
5.525	0.4575	3.76686e+06
5.525	0.4625	3.58187e+06
5.525	0.4675	3.37785e+06
5.525	0.4725	3.50182e+06
5.525	0.4775	3.3159e+06
5.525	0.4825	3.42731e+06
5.525	0.4875	3.2115e+06
5.525	0.4925	3.0007e+06
5.525	0.4975	2.93905e+06
5.525	0.5025	2.91824e+06
5.525	0.5075	2.96026e+06
5.525	0.5125	2.74042e+06
5.525	0.5175	2.63974e+06
5.525	0.5225	2.50091e+06
5.525	0.5275	2.40642e+06
5.525	0.5325	2.1807e+06
5.525	0.5375	1.9197e+06
5.525	0.5425	2.01679e+06
5.525	0.5475	1.79123e+06
5.525	0.5525	1.76598e+06
5.525	0.5575	1.56217e+06
5.525	0.5625	1.38198e+06
5.525	0.5675	1.22562e+06
5.525	0.5725	1.00489e+06
5.525	0.5775	1.00003e+06
5.525	0.5825	1.0163e+06
5.525	0.5875	978109
5.525	0.5925	959386
5.525	0.5975	848658
5.525	0.6025	558869
5.525	0.6075	384729
5.525	0.6125	339017
5.525	0.6175	379113
5.525	0.6225	381693
5.525	0.6275	320116
5.525	0.6325	314852
5.525	0.6375	247865
5.525	0.6425	716.47
5.575	0.3925	57903.8
5.575	0.3975	3.53028e+06
5.575	0.4025	4.55408e+06
5.575	0.4075	4.41628e+06
5.575	0.4125	4.31373e+06
5.575	0.4175	4.13691e+06
5.575	0.4225	4.24768e+06
5.575	0.4275	4.1556e+06
5.575	0.4325	4.1867e+06
5.575	0.4375	3.94186e+06
5.575	0.4425	3.79684e+06
5.575	0.4475	3.54635e+06
5.575	0.4525	3.62067e+06
5.575	0.4575	3.60433e+06
5.575	0.4625	3.56689e+06
5.575	0.4675	3.41336e+06
5.575	0.4725	3.36738e+06
5.575	0.4775	3.35779e+06
5.575	0.4825	3.14547e+06
5.575	0.4875	3.14176e+06
5.575	0.4925	2.96156e+06
5.575	0.4975	2.84076e+06
5.575	0.5025	2.81704e+06
5.575	0.5075	2.74985e+06
5.575	0.5125	2.72641e+06
5.575	0.5175	2.57138e+06
5.575	0.5225	2.50101e+06
5.575	0.5275	2.33307e+06
5.575	0.5325	2.38516e+06
5.575	0.5375	2.09478e+06
5.575	0.5425	1.85554e+06
5.575	0.5475	1.87458e+06
5.575	0.5525	1.78328e+06
5.575	0.5575	1.64553e+06
5.575	0.5625	1.5635e+06
5.575	0.5675	1.52987e+06
5.575	0.5725	1.33236e+06
5.575	0.5775	962679
5.575	0.5825	947171
5.575	0.5875	910530
5.575	0.5925	924014
5.575	0.5975	923994
5.575	0.6025	919262
5.575	0.6075	748316
5.575	0.6125	596318
5.575	0.6175	377984
5.575	0.6225	352009
5.575	0.6275	354230
5.575	0.6325	306700
5.575	0.6375	294976
5.575	0.6425	69643.5
5.625	0.3975	547435
5.625	0.4025	4.15039e+06
5.625	0.4075	4.36395e+06
5.625	0.4125	4.22898e+06
5.625	0.4175	4.1215e+06
5.625	0.4225	4.07031e+06
5.625	0.4275	4.04672e+06
5.625	0.4325	4.08114e+06
5.625	0.4375	3.94752e+06
5.625	0.4425	3.78705e+06
5.625	0.4475	3.526e+06
5.625	0.4525	3.43119e+06
5.625	0.4575	3.43785e+06
5.625	0.4625	3.50976e+06
5.625	0.4675	3.37035e+06
5.625	0.4725	3.19133e+06
5.625	0.4775	3.09426e+06
5.625	0.4825	3.20862e+06
5.625	0.4875	3.0469e+06
5.625	0.4925	2.86287e+06
5.625	0.4975	2.75046e+06
5.625	0.5025	2.71015e+06
5.625	0.5075	2.62464e+06
5.625	0.5125	2.48947e+06
5.625	0.5175	2.4187e+06
5.625	0.5225	2.46777e+06
5.625	0.5275	2.35983e+06
5.625	0.5325	2.21298e+06
5.625	0.5375	2.29997e+06
5.625	0.5425	2.19223e+06
5.625	0.5475	1.93553e+06
5.625	0.5525	1.78423e+06
5.625	0.5575	1.66032e+06
5.625	0.5625	1.54923e+06
5.625	0.5675	1.5288e+06
5.625	0.5725	1.48555e+06
5.625	0.5775	1.43191e+06
5.625	0.5825	1.12729e+06
5.625	0.5875	966257
5.625	0.5925	906652
5.625	0.5975	885260
5.625	0.6025	884965
5.625	0.6075	868772
5.625	0.6125	775516
5.625	0.6175	736015
5.625	0.6225	615389
5.625	0.6275	440087
5.625	0.6325	358545
5.625	0.6375	293639
5.625	0.6425	177659
5.675	0.4025	1.53645e+06
5.675	0.4075	4.29565e+06
5.675	0.4125	4.2396e+06
5.675	0.4175	4.01258e+06
5.675	0.4225	3.8227e+06
5.675	0.4275	4.00033e+06
5.675	0.4325	3.85568e+06
5.675	0.4375	3.86592e+06
5.675	0.4425	3.73689e+06
5.675	0.4475	3.56833e+06
5.675	0.4525	3.32036e+06
5.675	0.4575	3.30246e+06
5.675	0.4625	3.3167e+06
5.675	0.4675	3.34263e+06
5.675	0.4725	3.22431e+06
5.675	0.4775	2.99177e+06
5.675	0.4825	3.05358e+06
5.675	0.4875	2.97935e+06
5.675	0.4925	2.82757e+06
5.675	0.4975	2.68634e+06
5.675	0.5025	2.64813e+06
5.675	0.5075	2.59771e+06
5.675	0.5125	2.49786e+06
5.675	0.5175	2.36868e+06
5.675	0.5225	2.34981e+06
5.675	0.5275	2.37774e+06
5.675	0.5325	2.28917e+06
5.675	0.5375	2.08901e+06
5.675	0.5425	2.213e+06
5.675	0.5475	2.14297e+06
5.675	0.5525	1.89338e+06
5.675	0.5575	1.76893e+06
5.675	0.5625	1.57709e+06
5.675	0.5675	1.49112e+06
5.675	0.5725	1.44045e+06
5.675	0.5775	1.41293e+06
5.675	0.5825	1.44631e+06
5.675	0.5875	1.37434e+06
5.675	0.5925	1.08266e+06
5.675	0.5975	896243
5.675	0.6025	816356
5.675	0.6075	841083
5.675	0.6125	816978
5.675	0.6175	722376
5.675	0.6225	710183
5.675	0.6275	687541
5.675	0.6325	569530
5.675	0.6375	506862
5.675	0.6425	336896
5.675	0.6475	20572.8
5.725	0.4075	2.74999e+06
5.725	0.4125	4.11034e+06
5.725	0.4175	3.98352e+06
5.725	0.4225	3.80777e+06
5.725	0.4275	3.70631e+06
5.725	0.4325	3.84873e+06
5.725	0.4375	3.72793e+06
5.725	0.4425	3.64193e+06
5.725	0.4475	3.49706e+06
5.725	0.4525	3.37903e+06
5.725	0.4575	3.13872e+06
5.725	0.4625	3.16229e+06
5.725	0.4675	3.11109e+06
5.725	0.4725	3.11779e+06
5.725	0.4775	3.05669e+06
5.725	0.4825	2.85563e+06
5.725	0.4875	2.89593e+06
5.725	0.4925	2.69258e+06
5.725	0.4975	2.69887e+06
5.725	0.5025	2.5832e+06
5.725	0.5075	2.58246e+06
5.725	0.5125	2.39542e+06
5.725	0.5175	2.41205e+06
5.725	0.5225	2.27029e+06
5.725	0.5275	2.25496e+06
5.725	0.5325	2.22749e+06
5.725	0.5375	2.04364e+06
5.725	0.5425	2.01939e+06
5.725	0.5475	2.06163e+06
5.725	0.5525	1.98909e+06
5.725	0.5575	1.76172e+06
5.725	0.5625	1.76554e+06
5.725	0.5675	1.6223e+06
5.725	0.5725	1.4367e+06
5.725	0.5775	1.37485e+06
5.725	0.5825	1.34228e+06
5.725	0.5875	1.32517e+06
5.725	0.5925	1.31221e+06
5.725	0.5975	1.19656e+06
5.725	0.6025	1.05554e+06
5.725	0.6075	886667
5.725	0.6125	791193
5.725	0.6175	768386
5.725	0.6225	691702
5.725	0.6275	654197
5.725	0.6325	645960
5.725	0.6375	586772
5.725	0.6425	609751
5.725	0.6475	252414
5.775	0.4075	242526
5.775	0.4125	3.56225e+06
5.775	0.4175	3.86325e+06
5.775	0.4225	3.91309e+06
5.775	0.4275	3.70812e+06
5.775	0.4325	3.64239e+06
5.775	0.4375	3.67489e+06
5.775	0.4425	3.6229e+06
5.775	0.4475	3.53632e+06
5.775	0.4525	3.32207e+06
5.775	0.4575	3.24293e+06
5.775	0.4625	3.14868e+06
5.775	0.4675	3.05171e+06
5.775	0.4725	2.96227e+06
5.775	0.4775	2.85974e+06
5.775	0.4825	2.81822e+06
5.775	0.4875	2.67151e+06
5.775	0.4925	2.71662e+06
5.775	0.4975	2.51058e+06
5.775	0.5025	2.62393e+06
5.775	0.5075	2.44552e+06
5.775	0.5125	2.41332e+06
5.775	0.5175	2.31187e+06
5.775	0.5225	2.27799e+06
5.775	0.5275	2.20394e+06
5.775	0.5325	2.08753e+06
5.775	0.5375	2.17449e+06
5.775	0.5425	1.99054e+06
5.775	0.5475	1.91804e+06
5.775	0.5525	1.94726e+06
5.775	0.5575	1.91741e+06
5.775	0.5625	1.7083e+06
5.775	0.5675	1.66765e+06
5.775	0.5725	1.55958e+06
5.775	0.5775	1.44195e+06
5.775	0.5825	1.32152e+06
5.775	0.5875	1.24333e+06
5.775	0.5925	1.29076e+06
5.775	0.5975	1.25105e+06
5.775	0.6025	1.1454e+06
5.775	0.6075	1.12789e+06
5.775	0.6125	1.07392e+06
5.775	0.6175	894767
5.775	0.6225	723634
5.775	0.6275	680898
5.775	0.6325	614407
5.775	0.6375	606491
5.775	0.6425	551029
5.775	0.6475	479862
5.775	0.6525	2658.45
5.825	0.4125	943946
5.825	0.4175	3.84796e+06
5.825	0.4225	3.68969e+06
5.825	0.4275	3.71166e+06
5.825	0.4325	3.51574e+06
5.825	0.4375	3.53495e+06
5.825	0.4425	3.4531e+06
5.825	0.4475	3.46813e+06
5.825	0.4525	3.31782e+06
5.825	0.4575	3.1459e+06
5.825	0.4625	3.07639e+06
5.825	0.4675	3.02956e+06
5.825	0.4725	2.88104e+06
5.825	0.4775	2.79046e+06
5.825	0.4825	2.63059e+06
5.825	0.4875	2.76418e+06
5.825	0.4925	2.51998e+06
5.825	0.4975	2.56411e+06
5.825	0.5025	2.48671e+06
5.825	0.5075	2.38507e+06
5.825	0.5125	2.35901e+06
5.825	0.5175	2.30288e+06
5.825	0.5225	2.21043e+06
5.825	0.5275	2.15159e+06
5.825	0.5325	2.08353e+06
5.825	0.5375	2.02885e+06
5.825	0.5425	2.0306e+06
5.825	0.5475	1.87716e+06
5.825	0.5525	1.8225e+06
5.825	0.5575	1.85882e+06
5.825	0.5625	1.8083e+06
5.825	0.5675	1.58447e+06
5.825	0.5725	1.59404e+06
5.825	0.5775	1.54737e+06
5.825	0.5825	1.56928e+06
5.825	0.5875	1.40384e+06
5.825	0.5925	1.25437e+06
5.825	0.5975	1.20457e+06
5.825	0.6025	1.15781e+06
5.825	0.6075	1.08193e+06
5.825	0.6125	1.06356e+06
5.825	0.6175	1.07266e+06
5.825	0.6225	1.02952e+06
5.825	0.6275	871952
5.825	0.6325	678031
5.825	0.6375	597195
5.825	0.6425	577710
5.825	0.6475	528564
5.825	0.6525	117928
5.875	0.4175	1.97192e+06
5.875	0.4225	3.62313e+06
5.875	0.4275	3.51981e+06
5.875	0.4325	3.60844e+06
5.875	0.4375	3.40826e+06
5.875	0.4425	3.38466e+06
5.875	0.4475	3.17665e+06
5.875	0.4525	3.22182e+06
5.875	0.4575	3.14821e+06
5.875	0.4625	3.04146e+06
5.875	0.4675	2.94521e+06
5.875	0.4725	2.91616e+06
5.875	0.4775	2.77407e+06
5.875	0.4825	2.57495e+06
5.875	0.4875	2.52382e+06
5.875	0.4925	2.52326e+06
5.875	0.4975	2.37317e+06
5.875	0.5025	2.36896e+06
5.875	0.5075	2.30585e+06
5.875	0.5125	2.28795e+06
5.875	0.5175	2.24008e+06
5.875	0.5225	2.1546e+06
5.875	0.5275	2.11727e+06
5.875	0.5325	2.06079e+06
5.875	0.5375	2.00163e+06
5.875	0.5425	1.91711e+06
5.875	0.5475	1.90872e+06
5.875	0.5525	1.73675e+06
5.875	0.5575	1.69798e+06
5.875	0.5625	1.76478e+06
5.875	0.5675	1.68604e+06
5.875	0.5725	1.51641e+06
5.875	0.5775	1.52953e+06
5.875	0.5825	1.45767e+06
5.875	0.5875	1.47571e+06
5.875	0.5925	1.36302e+06
5.875	0.5975	1.26055e+06
5.875	0.6025	1.15997e+06
5.875	0.6075	1.10846e+06
5.875	0.6125	1.0331e+06
5.875	0.6175	1.0302e+06
5.875	0.6225	990775
5.875	0.6275	962827
5.875	0.6325	904684
5.875	0.6375	786317
5.875	0.6425	646400
5.875	0.6475	534038
5.875	0.6525	330697
5.925	0.4175	79351.6
5.925	0.4225	2.88923e+06
5.925	0.4275	3.44405e+06
5.925	0.4325	3.41528e+06
5.925	0.4375	3.42688e+06
5.925	0.4425	3.23037e+06
5.925	0.4475	3.18104e+06
5.925	0.4525	2.92893e+06
5.925	0.4575	3.11561e+06
5.925	0.4625	2.98661e+06
5.925	0.4675	2.89181e+06
5.925	0.4725	2.81503e+06
5.925	0.4775	2.74123e+06
5.925	0.4825	2.67271e+06
5.925	0.4875	2.48912e+06
5.925	0.4925	2.44638e+06
5.925	0.4975	2.36605e+06
5.925	0.5025	2.38392e+06
5.925	0.5075	2.29658e+06
5.925	0.5125	2.25895e+06
5.925	0.5175	2.18872e+06
5.925	0.5225	2.19092e+06
5.925	0.5275	2.03538e+06
5.925	0.5325	1.99404e+06
5.925	0.5375	1.95468e+06
5.925	0.5425	1.87849e+06
5.925	0.5475	1.83278e+06
5.925	0.5525	1.82418e+06
5.925	0.5575	1.71091e+06
5.925	0.5625	1.60908e+06
5.925	0.5675	1.63212e+06
5.925	0.5725	1.56867e+06
5.925	0.5775	1.48186e+06
5.925	0.5825	1.40305e+06
5.925	0.5875	1.37601e+06
5.925	0.5925	1.45011e+06
5.925	0.5975	1.31591e+06
5.925	0.6025	1.22923e+06
5.925	0.6075	1.22255e+06
5.925	0.6125	1.09295e+06
5.925	0.6175	973040
5.925	0.6225	984992
5.925	0.6275	951048
5.925	0.6325	920249
5.925	0.6375	869805
5.925	0.6425	771894
5.925	0.6475	744753
5.925	0.6525	606941
5.925	0.6575	38446.4
5.975	0.4225	509367
5.975	0.4275	3.21781e+06
5.975	0.4325	3.23054e+06
5.975	0.4375	3.24462e+06
5.975	0.4425	3.2428e+06
5.975	0.4475	3.09097e+06
5.975	0.4525	3.01761e+06
5.975	0.4575	2.83776e+06
5.975	0.4625	2.93373e+06
5.975	0.4675	2.76231e+06
5.975	0.4725	2.65779e+06
5.975	0.4775	2.68733e+06
5.975	0.4825	2.60378e+06
5.975	0.4875	2.57411e+06
5.975	0.4925	2.36243e+06
5.975	0.4975	2.34736e+06
5.975	0.5025	2.31294e+06
5.975	0.5075	2.29104e+06
5.975	0.5125	2.19599e+06
5.975	0.5175	2.10856e+06
5.975	0.5225	2.14325e+06
5.975	0.5275	2.06675e+06
5.975	0.5325	1.93981e+06
5.975	0.5375	1.90608e+06
5.975	0.5425	1.90482e+06
5.975	0.5475	1.7419e+06
5.975	0.5525	1.75466e+06
5.975	0.5575	1.68325e+06
5.975	0.5625	1.61493e+06
5.975	0.5675	1.54892e+06
5.975	0.5725	1.53369e+06
5.975	0.5775	1.50047e+06
5.975	0.5825	1.38938e+06
5.975	0.5875	1.3554e+06
5.975	0.5925	1.33704e+06
5.975	0.5975	1.31028e+06
5.975	0.6025	1.25214e+06
5.975	0.6075	1.21237e+06
5.975	0.6125	1.20041e+06
5.975	0.6175	1.14515e+06
5.975	0.6225	965858
5.975	0.6275	934307
5.975	0.6325	905963
5.975	0.6375	884529
5.975	0.6425	824732
5.975	0.6475	744345
5.975	0.6525	745940
5.975	0.6575	276874
6.025	0.4275	1.30977e+06
6.025	0.4325	3.19961e+06
6.025	0.4375	3.13984e+06
6.025	0.4425	3.08956e+06
6.025	0.4475	3.06239e+06
6.025	0.4525	2.91641e+06
6.025	0.4575	2.76822e+06
6.025	0.4625	2.77154e+06
6.025	0.4675	2.85105e+06
6.025	0.4725	2.64752e+06
6.025	0.4775	2.51542e+06
6.025	0.4825	2.56307e+06
6.025	0.4875	2.44423e+06
6.025	0.4925	2.54919e+06
6.025	0.4975	2.34086e+06
6.025	0.5025	2.1723e+06
6.025	0.5075	2.15716e+06
6.025	0.5125	2.19512e+06
6.025	0.5175	2.03185e+06
6.025	0.5225	1.9961e+06
6.025	0.5275	2.00628e+06
6.025	0.5325	1.91044e+06
6.025	0.5375	1.85965e+06
6.025	0.5425	1.78265e+06
6.025	0.5475	1.80261e+06
6.025	0.5525	1.69297e+06
6.025	0.5575	1.63928e+06
6.025	0.5625	1.57927e+06
6.025	0.5675	1.50628e+06
6.025	0.5725	1.44973e+06
6.025	0.5775	1.44332e+06
6.025	0.5825	1.35889e+06
6.025	0.5875	1.39863e+06
6.025	0.5925	1.29012e+06
6.025	0.5975	1.27964e+06
6.025	0.6025	1.2439e+06
6.025	0.6075	1.17809e+06
6.025	0.6125	1.15513e+06
6.025	0.6175	1.14385e+06
6.025	0.6225	1.10864e+06
6.025	0.6275	1.05715e+06
6.025	0.6325	948047
6.025	0.6375	846952
6.025	0.6425	817655
6.025	0.6475	776657
6.025	0.6525	725078
6.025	0.6575	517803
6.075	0.4275	3023.06
6.075	0.4325	2.13174e+06
6.075	0.4375	3.09201e+06
6.075	0.4425	3.05928e+06
6.075	0.4475	2.88873e+06
6.075	0.4525	2.84111e+06
6.075	0.4575	2.73187e+06
6.075	0.4625	2.58305e+06
6.075	0.4675	2.72055e+06
6.075	0.4725	2.59034e+06
6.075	0.4775	2.48772e+06
6.075	0.4825	2.38462e+06
6.075	0.4875	2.3944e+06
6.075	0.4925	2.30153e+06
6.075	0.4975	2.39193e+06
6.075	0.5025	2.28764e+06
6.075	0.5075	2.17121e+06
6.075	0.5125	2.11143e+06
6.075	0.5175	2.07839e+06
6.075	0.5225	1.98594e+06
6.075	0.5275	1.90341e+06
6.075	0.5325	1.95636e+06
6.075	0.5375	1.88715e+06
6.075	0.5425	1.81339e+06
6.075	0.5475	1.6257e+06
6.075	0.5525	1.71313e+06
6.075	0.5575	1.61725e+06
6.075	0.5625	1.51636e+06
6.075	0.5675	1.45841e+06
6.075	0.5725	1.403e+06
6.075	0.5775	1.41276e+06
6.075	0.5825	1.39687e+06
6.075	0.5875	1.35814e+06
6.075	0.5925	1.30582e+06
6.075	0.5975	1.25542e+06
6.075	0.6025	1.18173e+06
6.075	0.6075	1.19871e+06
6.075	0.6125	1.129e+06
6.075	0.6175	1.09266e+06
6.075	0.6225	1.05022e+06
6.075	0.6275	1.03204e+06
6.075	0.6325	999023
6.075	0.6375	978997
6.075	0.6425	872261
6.075	0.6475	792710
6.075	0.6525	736488
6.075	0.6575	663668
6.075	0.6625	91409.7
6.125	0.4325	229183
6.125	0.4375	2.64509e+06
6.125	0.4425	2.99443e+06
6.125	0.4475	2.86892e+06
6.125	0.4525	2.76762e+06
6.125	0.4575	2.72981e+06
6.125	0.4625	2.58766e+06
6.125	0.4675	2.50085e+06
6.125	0.4725	2.6167e+06
6.125	0.4775	2.43658e+06
6.125	0.4825	2.3279e+06
6.125	0.4875	2.25759e+06
6.125	0.4925	2.2361e+06
6.125	0.4975	2.2166e+06
6.125	0.5025	2.30682e+06
6.125	0.5075	2.20358e+06
6.125	0.5125	2.01823e+06
6.125	0.5175	2.06461e+06
6.125	0.5225	1.95304e+06
6.125	0.5275	1.86613e+06
6.125	0.5325	1.77515e+06
6.125	0.5375	1.79554e+06
6.125	0.5425	1.76606e+06
6.125	0.5475	1.72962e+06
6.125	0.5525	1.67648e+06
6.125	0.5575	1.61788e+06
6.125	0.5625	1.52084e+06
6.125	0.5675	1.44651e+06
6.125	0.5725	1.3828e+06
6.125	0.5775	1.33685e+06
6.125	0.5825	1.35292e+06
6.125	0.5875	1.29266e+06
6.125	0.5925	1.27184e+06
6.125	0.5975	1.19872e+06
6.125	0.6025	1.16445e+06
6.125	0.6075	1.12115e+06
6.125	0.6125	1.11962e+06
6.125	0.6175	1.0523e+06
6.125	0.6225	1.01358e+06
6.125	0.6275	1.03844e+06
6.125	0.6325	976901
6.125	0.6375	1.00918e+06
6.125	0.6425	933734
6.125	0.6475	871120
6.125	0.6525	801858
6.125	0.6575	735493
6.125	0.6625	328841
6.175	0.4375	756320
6.175	0.4425	2.83488e+06
6.175	0.4475	2.79008e+06
6.175	0.4525	2.63807e+06
6.175	0.4575	2.61793e+06
6.175	0.4625	2.56886e+06
6.175	0.4675	2.48378e+06
6.175	0.4725	2.47469e+06
6.175	0.4775	2.48828e+06
6.175	0.4825	2.29064e+06
6.175	0.4875	2.27479e+06
6.175	0.4925	2.14315e+06
6.175	0.4975	2.12034e+06
6.175	0.5025	2.13859e+06
6.175	0.5075	2.20476e+06
6.175	0.5125	2.00152e+06
6.175	0.5175	1.91906e+06
6.175	0.5225	1.9289e+06
6.175	0.5275	1.79489e+06
6.175	0.5325	1.75194e+06
6.175	0.5375	1.73126e+06
6.175	0.5425	1.74252e+06
6.175	0.5475	1.64509e+06
6.175	0.5525	1.61986e+06
6.175	0.5575	1.58972e+06
6.175	0.5625	1.54224e+06
6.175	0.5675	1.44286e+06
6.175	0.5725	1.36602e+06
6.175	0.5775	1.30623e+06
6.175	0.5825	1.2549e+06
6.175	0.5875	1.2325e+06
6.175	0.5925	1.23421e+06
6.175	0.5975	1.19623e+06
6.175	0.6025	1.1414e+06
6.175	0.6075	1.13739e+06
6.175	0.6125	1.0703e+06
6.175	0.6175	1.06252e+06
6.175	0.6225	1.00707e+06
6.175	0.6275	960858
6.175	0.6325	988718
6.175	0.6375	919225
6.175	0.6425	916027
6.175	0.6475	869496
6.175	0.6525	808686
6.175	0.6575	784795
6.175	0.6625	715142
6.175	0.6675	3192.34
6.225	0.4425	1.46836e+06
6.225	0.4475	2.75716e+06
6.225	0.4525	2.65396e+06
6.225	0.4575	2.58761e+06
6.225	0.4625	2.57178e+06
6.225	0.4675	2.46598e+06
6.225	0.4725	2.38567e+06
6.225	0.4775	2.39752e+06
6.225	0.4825	2.28373e+06
6.225	0.4875	2.22557e+06
6.225	0.4925	2.19203e+06
6.225	0.4975	2.08472e+06
6.225	0.5025	2.03137e+06
6.225	0.5075	2.06315e+06
6.225	0.5125	2.06784e+06
6.225	0.5175	1.92325e+06
6.225	0.5225	1.84798e+06
6.225	0.5275	1.77365e+06
6.225	0.5325	1.73199e+06
6.225	0.5375	1.63982e+06
6.225	0.5425	1.6535e+06
6.225	0.5475	1.57504e+06
6.225	0.5525	1.53018e+06
6.225	0.5575	1.51442e+06
6.225	0.5625	1.54699e+06
6.225	0.5675	1.48469e+06
6.225	0.5725	1.388e+06
6.225	0.5775	1.29816e+06
6.225	0.5825	1.27796e+06
6.225	0.5875	1.1878e+06
6.225	0.5925	1.19525e+06
6.225	0.5975	1.12293e+06
6.225	0.6025	1.12603e+06
6.225	0.6075	1.10528e+06
6.225	0.6125	1.0692e+06
6.225	0.6175	1.05389e+06
6.225	0.6225	989818
6.225	0.6275	981778
6.225	0.6325	955926
6.225	0.6375	930364
6.225	0.6425	861367
6.225	0.6475	864560
6.225	0.6525	811195
6.225	0.6575	775668
6.225	0.6625	734993
6.225	0.6675	170382
6.275	0.4425	67157.9
6.275	0.4475	2.15984e+06
6.275	0.4525	2.64287e+06
6.275	0.4575	2.54044e+06
6.275	0.4625	2.48056e+06
6.275	0.4675	2.44088e+06
6.275	0.4725	2.32997e+06
6.275	0.4775	2.25433e+06
6.275	0.4825	2.27883e+06
6.275	0.4875	2.16747e+06
6.275	0.4925	2.144e+06
6.275	0.4975	2.08666e+06
6.275	0.5025	2.00395e+06
6.275	0.5075	1.92144e+06
6.275	0.5125	2.01825e+06
6.275	0.5175	1.92471e+06
6.275	0.5225	1.82274e+06
6.275	0.5275	1.70592e+06
6.275	0.5325	1.7553e+06
6.275	0.5375	1.59916e+06
6.275	0.5425	1.56409e+06
6.275	0.5475	1.56813e+06
6.275	0.5525	1.55236e+06
6.275	0.5575	1.49631e+06
6.275	0.5625	1.47026e+06
6.275	0.5675	1.44247e+06
6.275	0.5725	1.38267e+06
6.275	0.5775	1.29104e+06
6.275	0.5825	1.26893e+06
6.275	0.5875	1.24135e+06
6.275	0.5925	1.14069e+06
6.275	0.5975	1.13203e+06
6.275	0.6025	1.09893e+06
6.275	0.6075	1.05318e+06
6.275	0.6125	1.01284e+06
6.275	0.6175	1.01094e+06
6.275	0.6225	971853
6.275	0.6275	956883
6.275	0.6325	922604
6.275	0.6375	880581
6.275	0.6425	813411
6.275	0.6475	825538
6.275	0.6525	812299
6.275	0.6575	781566
6.275	0.6625	714928
6.275	0.6675	416293
6.325	0.4475	398351
6.325	0.4525	2.51203e+06
6.325	0.4575	2.54761e+06
6.325	0.4625	2.42612e+06
6.325	0.4675	2.37374e+06
6.325	0.4725	2.32889e+06
6.325	0.4775	2.20425e+06
6.325	0.4825	2.16719e+06
6.325	0.4875	2.14836e+06
6.325	0.4925	2.00429e+06
6.325	0.4975	2.11879e+06
6.325	0.5025	2.0062e+06
6.325	0.5075	1.87705e+06
6.325	0.5125	1.8233e+06
6.325	0.5175	1.8029e+06
6.325	0.5225	1.80663e+06
6.325	0.5275	1.71361e+06
6.325	0.5325	1.62782e+06
6.325	0.5375	1.65417e+06
6.325	0.5425	1.58361e+06
6.325	0.5475	1.47249e+06
6.325	0.5525	1.50163e+06
6.325	0.5575	1.41299e+06
6.325	0.5625	1.39002e+06
6.325	0.5675	1.41212e+06
6.325	0.5725	1.38091e+06
6.325	0.5775	1.30877e+06
6.325	0.5825	1.26315e+06
6.325	0.5875	1.20445e+06
6.325	0.5925	1.13438e+06
6.325	0.5975	1.09352e+06
6.325	0.6025	1.09952e+06
6.325	0.6075	1.04911e+06
6.325	0.6125	986229
6.325	0.6175	983258
6.325	0.6225	952580
6.325	0.6275	910706
6.325	0.6325	925263
6.325	0.6375	861647
6.325	0.6425	828916
6.325	0.6475	772901
6.325	0.6525	797178
6.325	0.6575	738246
6.325	0.6625	727521
6.325	0.6675	640105
6.325	0.6725	11652.6
6.375	0.4525	1.00068e+06
6.375	0.4575	2.51192e+06
6.375	0.4625	2.43034e+06
6.375	0.4675	2.34353e+06
6.375	0.4725	2.27505e+06
6.375	0.4775	2.18999e+06
6.375	0.4825	2.16151e+06
6.375	0.4875	2.10494e+06
6.375	0.4925	2.03084e+06
6.375	0.4975	1.92744e+06
6.375	0.5025	2.00269e+06
6.375	0.5075	1.8696e+06
6.375	0.5125	1.79314e+06
6.375	0.5175	1.77628e+06
6.375	0.5225	1.72484e+06
6.375	0.5275	1.66918e+06
6.375	0.5325	1.63364e+06
6.375	0.5375	1.55125e+06
6.375	0.5425	1.57136e+06
6.375	0.5475	1.523e+06
6.375	0.5525	1.3542e+06
6.375	0.5575	1.41006e+06
6.375	0.5625	1.34896e+06
6.375	0.5675	1.25528e+06
6.375	0.5725	1.33132e+06
6.375	0.5775	1.30608e+06
6.375	0.5825	1.18359e+06
6.375	0.5875	1.16102e+06
6.375	0.5925	1.07332e+06
6.375	0.5975	1.06438e+06
6.375	0.6025	1.02296e+06
6.375	0.6075	1.01432e+06
6.375	0.6125	977596
6.375	0.6175	916142
6.375	0.6225	925452
6.375	0.6275	912799
6.375	0.6325	895363
6.375	0.6375	840315
6.375	0.6425	803319
6.375	0.6475	783946
6.375	0.6525	723313
6.375	0.6575	734783
6.375	0.6625	689683
6.375	0.6675	677895
6.375	0.6725	190001
6.425	0.4525	5005.85
6.425	0.4575	1.65319e+06
6.425	0.4625	2.43288e+06
6.425	0.4675	2.29033e+06
6.425	0.4725	2.2444e+06
6.425	0.4775	2.1438e+06
6.425	0.4825	2.09747e+06
6.425	0.4875	2.07472e+06
6.425	0.4925	1.99303e+06
6.425	0.4975	1.95179e+06
6.425	0.5025	1.87521e+06
6.425	0.5075	1.91427e+06
6.425	0.5125	1.76511e+06
6.425	0.5175	1.71506e+06
6.425	0.5225	1.7166e+06
6.425	0.5275	1.66404e+06
6.425	0.5325	1.59987e+06
6.425	0.5375	1.52538e+06
6.425	0.5425	1.49937e+06
6.425	0.5475	1.52262e+06
6.425	0.5525	1.41093e+06
6.425	0.5575	1.34307e+06
6.425	0.5625	1.34346e+06
6.425	0.5675	1.27853e+06
6.425	0.5725	1.25409e+06
6.425	0.5775	1.19045e+06
6.425	0.5825	1.20726e+06
6.425	0.5875	1.15619e+06
6.425	0.5925	1.10227e+06
6.425	0.5975	1.03245e+06
6.425	0.6025	1.05915e+06
6.425	0.6075	973953
6.425	0.6125	957068
6.425	0.6175	921937
6.425	0.6225	866211
6.425	0.6275	856205
6.425	0.6325	844840
6.425	0.6375	861591
6.425	0.6425	810830
6.425	0.6475	760767
6.425	0.6525	753528
6.425	0.6575	694018
6.425	0.6625	682000
6.425	0.6675	656120
6.425	0.6725	406076
6.475	0.4575	198003
6.475	0.4625	2.13521e+06
6.475	0.4675	2.27444e+06
6.475	0.4725	2.21577e+06
6.475	0.4775	2.08765e+06
6.475	0.4825	2.06846e+06
6.475	0.4875	2.01567e+06
6.475	0.4925	1.96526e+06
6.475	0.4975	1.88259e+06
6.475	0.5025	1.79664e+06
6.475	0.5075	1.77854e+06
6.475	0.5125	1.78984e+06
6.475	0.5175	1.68151e+06
6.475	0.5225	1.61197e+06
6.475	0.5275	1.64691e+06
6.475	0.5325	1.56985e+06
6.475	0.5375	1.50204e+06
6.475	0.5425	1.4533e+06
6.475	0.5475	1.42477e+06
6.475	0.5525	1.44563e+06
6.475	0.5575	1.35385e+06
6.475	0.5625	1.34946e+06
6.475	0.5675	1.27861e+06
6.475	0.5725	1.19349e+06
6.475	0.5775	1.17951e+06
6.475	0.5825	1.10877e+06
6.475	0.5875	1.13102e+06
6.475	0.5925	1.09708e+06
6.475	0.5975	1.04193e+06
6.475	0.6025	1.01057e+06
6.475	0.6075	991506
6.475	0.6125	901156
6.475	0.6175	896058
6.475	0.6225	845326
6.475	0.6275	835892
6.475	0.6325	803317
6.475	0.6375	811639
6.475	0.6425	842155
6.475	0.6475	771971
6.475	0.6525	735164
6.475	0.6575	707924
6.475	0.6625	651536
6.475	0.6675	658773
6.475	0.6725	581060
6.475	0.6775	17489.9
6.525	0.4625	659415
6.525	0.4675	2.21903e+06
6.525	0.4725	2.14672e+06
6.525	0.4775	2.10451e+06
6.525	0.4825	1.9838e+06
6.525	0.4875	1.9631e+06
6.525	0.4925	1.95086e+06
6.525	0.4975	1.7936e+06
6.525	0.5025	1.81085e+06
6.525	0.5075	1.70906e+06
6.525	0.5125	1.72404e+06
6.525	0.5175	1.70606e+06
6.525	0.5225	1.60169e+06
6.525	0.5275	1.49019e+06
6.525	0.5325	1.5041e+06
6.525	0.5375	1.47324e+06
6.525	0.5425	1.45225e+06
6.525	0.5475	1.35006e+06
6.525	0.5525	1.33584e+06
6.525	0.5575	1.29469e+06
6.525	0.5625	1.2566e+06
6.525	0.5675	1.21341e+06
6.525	0.5725	1.19684e+06
6.525	0.5775	1.14252e+06
6.525	0.5825	1.11266e+06
6.525	0.5875	1.03617e+06
6.525	0.5925	1.05613e+06
6.525	0.5975	1.03913e+06
6.525	0.6025	985110
6.525	0.6075	954416
6.525	0.6125	931415
6.525	0.6175	858576
6.525	0.6225	870488
6.525	0.6275	831459
6.525	0.6325	773719
6.525	0.6375	762424
6.525	0.6425	748736
6.525	0.6475	792289
6.525	0.6525	693501
6.525	0.6575	676022
6.525	0.6625	641484
6.525	0.6675	610475
6.525	0.6725	624470
6.525	0.6775	184638
6.575	0.4675	1.22724e+06
6.575	0.4725	2.08174e+06
6.575	0.4775	2.02225e+06
6.575	0.4825	1.99417e+06
6.575	0.4875	1.89579e+06
6.575	0.4925	1.8175e+06
6.575	0.4975	1.84411e+06
6.575	0.5025	1.70451e+06
6.575	0.5075	1.7011e+06
6.575	0.5125	1.60507e+06
6.575	0.5175	1.64493e+06
6.575	0.5225	1.62436e+06
6.575	0.5275	1.52568e+06
6.575	0.5325	1.43795e+06
6.575	0.5375	1.46557e+06
6.575	0.5425	1.41315e+06
6.575	0.5475	1.36733e+06
6.575	0.5525	1.27661e+06
6.575	0.5575	1.29067e+06
6.575	0.5625	1.25473e+06
6.575	0.5675	1.19524e+06
6.575	0.5725	1.18599e+06
6.575	0.5775	1.1501e+06
6.575	0.5825	1.05795e+06
6.575	0.5875	1.04902e+06
6.575	0.5925	970298
6.575	0.5975	1.00734e+06
6.575	0.6025	961663
6.575	0.6075	899438
6.575	0.6125	885571
6.575	0.6175	857930
6.575	0.6225	802635
6.575	0.6275	862607
6.575	0.6325	804267
6.575	0.6375	747063
6.575	0.6425	762666
6.575	0.6475	731063
6.575	0.6525	753384
6.575	0.6575	679327
6.575	0.6625	644133
6.575	0.6675	620749
6.575	0.6725	602685
6.575	0.6775	366151
6.625	0.4675	67969
6.625	0.4725	1.71706e+06
6.625	0.4775	1.97179e+06
6.625	0.4825	1.96093e+06
6.625	0.4875	1.83865e+06
6.625	0.4925	1.81647e+06
6.625	0.4975	1.73635e+06
6.625	0.5025	1.73612e+06
6.625	0.5075	1.61232e+06
6.625	0.5125	1.59073e+06
6.625	0.5175	1.56432e+06
6.625	0.5225	1.58318e+06
6.625	0.5275	1.52199e+06
6.625	0.5325	1.40955e+06
6.625	0.5375	1.3479e+06
6.625	0.5425	1.36578e+06
6.625	0.5475	1.32617e+06
6.625	0.5525	1.27117e+06
6.625	0.5575	1.21881e+06
6.625	0.5625	1.22561e+06
6.625	0.5675	1.20572e+06
6.625	0.5725	1.14496e+06
6.625	0.5775	1.1337e+06
6.625	0.5825	1.03738e+06
6.625	0.5875	1.03838e+06
6.625	0.5925	1.00331e+06
6.625	0.5975	935410
6.625	0.6025	974551
6.625	0.6075	953163
6.625	0.6125	866888
6.625	0.6175	839852
6.625	0.6225	844566
6.625	0.6275	783724
6.625	0.6325	791669
6.625	0.6375	771617
6.625	0.6425	758426
6.625	0.6475	693486
6.625	0.6525	694645
6.625	0.6575	730752
6.625	0.6625	654301
6.625	0.6675	618166
6.625	0.6725	599413
6.625	0.6775	526319
6.625	0.6825	14542.1
6.675	0.4725	338764
6.675	0.4775	1.84032e+06
6.675	0.4825	1.86193e+06
6.675	0.4875	1.84413e+06
6.675	0.4925	1.76973e+06
6.675	0.4975	1.69909e+06
6.675	0.5025	1.68164e+06
6.675	0.5075	1.55959e+06
6.675	0.5125	1.54937e+06
6.675	0.5175	1.54461e+06
6.675	0.5225	1.50601e+06
6.675	0.5275	1.53012e+06
6.675	0.5325	1.42884e+06
6.675	0.5375	1.33811e+06
6.675	0.5425	1.26744e+06
6.675	0.5475	1.27022e+06
6.675	0.5525	1.29514e+06
6.675	0.5575	1.20412e+06
6.675	0.5625	1.14155e+06
6.675	0.5675	1.13615e+06
6.675	0.5725	1.13811e+06
6.675	0.5775	1.09426e+06
6.675	0.5825	1.06012e+06
6.675	0.5875	993300
6.675	0.5925	995145
6.675	0.5975	945184
6.675	0.6025	923639
6.675	0.6075	913663
6.675	0.6125	863656
6.675	0.6175	818792
6.675	0.6225	802630
6.675	0.6275	773767
6.675	0.6325	721878
6.675	0.6375	751594
6.675	0.6425	726679
6.675	0.6475	734960
6.675	0.6525	649496
6.675	0.6575	646556
6.675	0.6625	658831
6.675	0.6675	602095
6.675	0.6725	571759
6.675	0.6775	558009
6.675	0.6825	166228
6.725	0.4775	684742
6.725	0.4825	1.76114e+06
6.725	0.4875	1.71301e+06
6.725	0.4925	1.74569e+06
6.725	0.4975	1.65219e+06
6.725	0.5025	1.62419e+06
6.725	0.5075	1.61746e+06
6.725	0.5125	1.54249e+06
6.725	0.5175	1.48768e+06
6.725	0.5225	1.49566e+06
6.725	0.5275	1.42668e+06
6.725	0.5325	1.422e+06
6.725	0.5375	1.38606e+06
6.725	0.5425	1.2962e+06
6.725	0.5475	1.26501e+06
6.725	0.5525	1.23484e+06
6.725	0.5575	1.22554e+06
6.725	0.5625	1.16384e+06
6.725	0.5675	1.10533e+06
6.725	0.5725	1.11569e+06
6.725	0.5775	1.06126e+06
6.725	0.5825	1.00976e+06
6.725	0.5875	991796
6.725	0.5925	957195
6.725	0.5975	921333
6.725	0.6025	904692
6.725	0.6075	871493
6.725	0.6125	890034
6.725	0.6175	816771
6.725	0.6225	808607
6.725	0.6275	729452
6.725	0.6325	733929
6.725	0.6375	702098
6.725	0.6425	709224
6.725	0.6475	688154
6.725	0.6525	678360
6.725	0.6575	603965
6.725	0.6625	621949
6.725	0.6675	611733
6.725	0.6725	563576
6.725	0.6775	535924
6.725	0.6825	324340
6.775	0.4775	6471.4
6.775	0.4825	1.02955e+06
6.775	0.4875	1.65771e+06
6.775	0.4925	1.61045e+06
6.775	0.4975	1.67421e+06
6.775	0.5025	1.55926e+06
6.775	0.5075	1.54811e+06
6.775	0.5125	1.51821e+06
6.775	0.5175	1.48574e+06
6.775	0.5225	1.43519e+06
6.775	0.5275	1.42869e+06
6.775	0.5325	1.38819e+06
6.775	0.5375	1.36457e+06
6.775	0.5425	1.32379e+06
6.775	0.5475	1.2175e+06
6.775	0.5525	1.18213e+06
6.775	0.5575	1.17126e+06
6.775	0.5625	1.19e+06
6.775	0.5675	1.07878e+06
6.775	0.5725	1.04272e+06
6.775	0.5775	1.05096e+06
6.775	0.5825	999750
6.775	0.5875	977160
6.775	0.5925	939232
6.775	0.5975	898823
6.775	0.6025	888545
6.775	0.6075	888412
6.775	0.6125	864152
6.775	0.6175	820170
6.775	0.6225	790187
6.775	0.6275	729426
6.775	0.6325	688308
6.775	0.6375	709048
6.775	0.6425	660988
6.775	0.6475	682908
6.775	0.6525	652313
6.775	0.6575	631596
6.775	0.6625	574156
6.775	0.6675	549881
6.775	0.6725	552680
6.775	0.6775	534190
6.775	0.6825	478005
6.775	0.6875	9264.21
6.825	0.4825	133695
6.825	0.4875	1.17768e+06
6.825	0.4925	1.58502e+06
6.825	0.4975	1.52593e+06
6.825	0.5025	1.55373e+06
6.825	0.5075	1.47647e+06
6.825	0.5125	1.48627e+06
6.825	0.5175	1.46488e+06
6.825	0.5225	1.43251e+06
6.825	0.5275	1.34143e+06
6.825	0.5325	1.34512e+06
6.825	0.5375	1.24852e+06
6.825	0.5425	1.29644e+06
6.825	0.5475	1.23176e+06
6.825	0.5525	1.16679e+06
6.825	0.5575	1.13145e+06
6.825	0.5625	1.10637e+06
6.825	0.5675	1.11492e+06
6.825	0.5725	980365
6.825	0.5775	1.01546e+06
6.825	0.5825	984621
6.825	0.5875	930604
6.825	0.5925	867938
6.825	0.5975	910631
6.825	0.6025	870038
6.825	0.6075	828189
6.825	0.6125	830693
6.825	0.6175	814612
6.825	0.6225	773620
6.825	0.6275	713079
6.825	0.6325	708891
6.825	0.6375	648653
6.825	0.6425	654925
6.825	0.6475	637927
6.825	0.6525	627616
6.825	0.6575	610958
6.825	0.6625	618952
6.825	0.6675	545378
6.825	0.6725	532076
6.825	0.6775	525606
6.825	0.6825	490250
6.825	0.6875	127280
6.875	0.4875	386867
6.875	0.4925	1.26163e+06
6.875	0.4975	1.48248e+06
6.875	0.5025	1.46961e+06
6.875	0.5075	1.48068e+06
6.875	0.5125	1.41366e+06
6.875	0.5175	1.41741e+06
6.875	0.5225	1.3871e+06
6.875	0.5275	1.35573e+06
6.875	0.5325	1.31828e+06
6.875	0.5375	1.26759e+06
6.875	0.5425	1.24048e+06
6.875	0.5475	1.19845e+06
6.875	0.5525	1.18324e+06
6.875	0.5575	1.09171e+06
6.875	0.5625	1.06134e+06
6.875	0.5675	1.09689e+06
6.875	0.5725	1.05003e+06
6.875	0.5775	973182
6.875	0.5825	980545
6.875	0.5875	964430
6.875	0.5925	857114
6.875	0.5975	824484
6.875	0.6025	830983
6.875	0.6075	834285
6.875	0.6125	803286
6.875	0.6175	808546
6.875	0.6225	769332
6.875	0.6275	729381
6.875	0.6325	681212
6.875	0.6375	666095
6.875	0.6425	617736
6.875	0.6475	623998
6.875	0.6525	586858
6.875	0.6575	587750
6.875	0.6625	585862
6.875	0.6675	571744
6.875	0.6725	493854
6.875	0.6775	499525
6.875	0.6825	494402
6.875	0.6875	262343
6.925	0.4925	706829
6.925	0.4975	1.20063e+06
6.925	0.5025	1.34704e+06
6.925	0.5075	1.40097e+06
6.925	0.5125	1.32945e+06
6.925	0.5175	1.34917e+06
6.925	0.5225	1.32876e+06
6.925	0.5275	1.33975e+06
6.925	0.5325	1.27954e+06
6.925	0.5375	1.25987e+06
6.925	0.5425	1.19345e+06
6.925	0.5475	1.16302e+06
6.925	0.5525	1.1203e+06
6.925	0.5575	1.13825e+06
6.925	0.5625	1.02417e+06
6.925	0.5675	1.01226e+06
6.925	0.5725	1.03701e+06
6.925	0.5775	972638
6.925	0.5825	925633
6.925	0.5875	899998
6.925	0.5925	901333
6.925	0.5975	800824
6.925	0.6025	795729
6.925	0.6075	806324
6.925	0.6125	792417
6.925	0.6175	779720
6.925	0.6225	772209
6.925	0.6275	728170
6.925	0.6325	677785
6.925	0.6375	661520
6.925	0.6425	639027
6.925	0.6475	579020
6.925	0.6525	585221
6.925	0.6575	569619
6.925	0.6625	545037
6.925	0.6675	541944
6.925	0.6725	525178
6.925	0.6775	485575
6.925	0.6825	488051
6.925	0.6875	399683
6.925	0.6925	969.719
6.975	0.4925	34543.6
6.975	0.4975	830574
6.975	0.5025	1.1809e+06
6.975	0.5075	1.25368e+06
6.975	0.5125	1.31835e+06
6.975	0.5175	1.28733e+06
6.975	0.5225	1.29164e+06
6.975	0.5275	1.27877e+06
6.975	0.5325	1.28141e+06
6.975	0.5375	1.2406e+06
6.975	0.5425	1.15505e+06
6.975	0.5475	1.12884e+06
6.975	0.5525	1.11596e+06
6.975	0.5575	1.05267e+06
6.975	0.5625	1.06934e+06
6.975	0.5675	992985
6.975	0.5725	941719
6.975	0.5775	963019
6.975	0.5825	924849
6.975	0.5875	879720
6.975	0.5925	828282
6.975	0.5975	848710
6.975	0.6025	764882
6.975	0.6075	769959
6.975	0.6125	769257
6.975	0.6175	739146
6.975	0.6225	710212
6.975	0.6275	741980
6.975	0.6325	669567
6.975	0.6375	652175
6.975	0.6425	611542
6.975	0.6475	601935
6.975	0.6525	561331
6.975	0.6575	558723
6.975	0.6625	544356
6.975	0.6675	527833
6.975	0.6725	496513
6.975	0.6775	485216
6.975	0.6825	470286
6.975	0.6875	464100
6.975	0.6925	83536.2
7.025	0.4975	127909
7.025	0.5025	886226
7.025	0.5075	1.12682e+06
7.025	0.5125	1.18436e+06
7.025	0.5175	1.28092e+06
7.025	0.5225	1.2864e+06
7.025	0.5275	1.2308e+06
7.025	0.5325	1.18388e+06
7.025	0.5375	1.18785e+06
7.025	0.5425	1.17427e+06
7.025	0.5475	1.13914e+06
7.025	0.5525	1.0441e+06
7.025	0.5575	1.02649e+06
7.025	0.5625	1.00828e+06
7.025	0.5675	943567
7.025	0.5725	919600
7.025	0.5775	918379
7.025	0.5825	875070
7.025	0.5875	859827
7.025	0.5925	854646
7.025	0.5975	774628
7.025	0.6025	765390
7.025	0.6075	735364
7.025	0.6125	751577
7.025	0.6175	728718
7.025	0.6225	702201
7.025	0.6275	665656
7.025	0.6325	671729
7.025	0.6375	646523
7.025	0.6425	619948
7.025	0.6475	571227
7.025	0.6525	583612
7.025	0.6575	543816
7.025	0.6625	525525
7.025	0.6675	505342
7.025	0.6725	487841
7.025	0.6775	466689
7.025	0.6825	472586
7.025	0.6875	452625
7.025	0.6925	214814
7.075	0.5025	294353
7.075	0.5075	880857
7.075	0.5125	1.08424e+06
7.075	0.5175	1.12396e+06
7.075	0.5225	1.21545e+06
7.075	0.5275	1.1632e+06
7.075	0.5325	1.17933e+06
7.075	0.5375	1.10247e+06
7.075	0.5425	1.11863e+06
7.075	0.5475	1.13643e+06
7.075	0.5525	1.07612e+06
7.075	0.5575	1.02151e+06
7.075	0.5625	962809
7.075	0.5675	937426
7.075	0.5725	925582
7.075	0.5775	887532
7.075	0.5825	841615
7.075	0.5875	834915
7.075	0.5925	812435
7.075	0.5975	790717
7.075	0.6025	736705
7.075	0.6075	739090
7.075	0.6125	702310
7.075	0.6175	704846
7.075	0.6225	691348
7.075	0.6275	673011
7.075	0.6325	599532
7.075	0.6375	639264
7.075	0.6425	599643
7.075	0.6475	586568
7.075	0.6525	546999
7.075	0.6575	540831
7.075	0.6625	506572
7.075	0.6675	482399
7.075	0.6725	485348
7.075	0.6775	458791
7.075	0.6825	447142
7.075	0.6875	458887
7.075	0.6925	339208
7.125	0.5025	5403.07
7.125	0.5075	470316
7.125	0.5125	829797
7.125	0.5175	1.02297e+06
7.125	0.5225	1.03025e+06
7.125	0.5275	1.17708e+06
7.125	0.5325	1.08372e+06
7.125	0.5375	1.13762e+06
7.125	0.5425	1.06097e+06
7.125	0.5475	1.03744e+06
7.125	0.5525	1.07556e+06
7.125	0.5575	1.04557e+06
7.125	0.5625	980371
7.125	0.5675	915807
7.125	0.5725	913709
7.125	0.5775	871029
7.125	0.5825	835986
7.125	0.5875	807011
7.125	0.5925	768603
7.125	0.5975	820217
7.125	0.6025	746444
7.125	0.6075	714002
7.125	0.6125	730871
7.125	0.6175	705158
7.125	0.6225	659654
7.125	0.6275	652836
7.125	0.6325	603882
7.125	0.6375	585020
7.125	0.6425	583543
7.125	0.6475	562531
7.125	0.6525	549163
7.125	0.6575	516668
7.125	0.6625	511973
7.125	0.6675	461747
7.125	0.6725	441111
7.125	0.6775	456898
7.125	0.6825	447938
7.125	0.6875	411866
7.125	0.6925	404407
7.125	0.6975	39928.6
7.175	0.5075	63460.1
7.175	0.5125	585470
7.175	0.5175	743265
7.175	0.5225	967815
7.175	0.5275	973192
7.175	0.5325	1.10052e+06
7.175	0.5375	1.05483e+06
7.175	0.5425	1.05828e+06
7.175	0.5475	1.00153e+06
7.175	0.5525	1.04928e+06
7.175	0.5575	990581
7.175	0.5625	1.00052e+06
7.175	0.5675	911582
7.175	0.5725	875192
7.175	0.5775	851520
7.175	0.5825	821380
7.175	0.5875	791825
7.175	0.5925	777435
7.175	0.5975	770887
7.175	0.6025	791962
7.175	0.6075	709015
7.175	0.6125	682864
7.175	0.6175	668988
7.175	0.6225	650962
7.175	0.6275	643344
7.175	0.6325	627553
7.175	0.6375	590359
7.175	0.6425	550388
7.175	0.6475	556140
7.175	0.6525	527741
7.175	0.6575	509366
7.175	0.6625	492264
7.175	0.6675	479429
7.175	0.6725	437159
7.175	0.6775	415571
7.175	0.6825	410195
7.175	0.6875	416762
7.175	0.6925	392364
7.175	0.6975	157734
7.225	0.5125	169262
7.225	0.5175	589524
7.225	0.5225	693776
7.225	0.5275	887911
7.225	0.5325	922942
7.225	0.5375	1.0167e+06
7.225	0.5425	1.01755e+06
7.225	0.5475	983234
7.225	0.5525	961411
7.225	0.5575	969900
7.225	0.5625	917634
7.225	0.5675	911867
7.225	0.5725	879058
7.225	0.5775	835850
7.225	0.5825	838257
7.225	0.5875	762839
7.225	0.5925	791882
7.225	0.5975	731524
7.225	0.6025	749961
7.225	0.6075	758453
7.225	0.6125	676989
7.225	0.6175	642675
7.225	0.6225	633605
7.225	0.6275	622219
7.225	0.6325	632970
7.225	0.6375	596437
7.225	0.6425	546058
7.225	0.6475	527254
7.225	0.6525	529778
7.225	0.6575	489691
7.225	0.6625	491397
7.225	0.6675	460592
7.225	0.6725	451026
7.225	0.6775	412808
7.225	0.6825	388737
7.225	0.6875	375035
7.225	0.6925	379097
7.225	0.6975	252861
7.275	0.5175	235944
7.275	0.5225	570696
7.275	0.5275	652323
7.275	0.5325	829759
7.275	0.5375	847740
7.275	0.5425	919159
7.275	0.5475	959738
7.275	0.5525	946834
7.275	0.5575	927919
7.275	0.5625	925251
7.275	0.5675	920854
7.275	0.5725	865114
7.275	0.5775	831067
7.275	0.5825	786696
7.275	0.5875	779276
7.275	0.5925	735684
7.275	0.5975	736803
7.275	0.6025	706401
7.275	0.6075	720212
7.275	0.6125	702537
7.275	0.6175	616780
7.275	0.6225	634119
7.275	0.6275	602287
7.275	0.6325	583504
7.275	0.6375	588316
7.275	0.6425	555199
7.275	0.6475	507078
7.275	0.6525	509599
7.275	0.6575	494584
7.275	0.6625	462889
7.275	0.6675	467162
7.275	0.6725	454358
7.275	0.6775	428479
7.275	0.6825	386061
7.275	0.6875	372537
7.275	0.6925	359929
7.275	0.6975	335228
7.275	0.7025	9421.93
7.325	0.5175	8754.05
7.325	0.5225	284116
7.325	0.5275	534872
7.325	0.5325	590248
7.325	0.5375	780854
7.325	0.5425	731833
7.325	0.5475	876460
7.325	0.5525	926550
7.325	0.5575	914346
7.325	0.5625	888470
7.325	0.5675	874656
7.325	0.5725	862031
7.325	0.5775	820186
7.325	0.5825	777261
7.325	0.5875	748943
7.325	0.5925	743380
7.325	0.5975	712107
7.325	0.6025	725785
7.325	0.6075	678395
7.325	0.6125	686146
7.325	0.6175	674170
7.325	0.6225	619383
7.325	0.6275	596251
7.325	0.6325	589844
7.325	0.6375	550779
7.325	0.6425	557623
7.325	0.6475	536098
7.325	0.6525	492338
7.325	0.6575	468636
7.325	0.6625	467358
7.325	0.6675	452652
7.325	0.6725	452216
7.325	0.6775	431705
7.325	0.6825	405034
7.325	0.6875	364809
7.325	0.6925	346112
7.325	0.6975	341208
7.325	0.7025	88560.5
7.375	0.5225	44348.4
7.375	0.5275	314640
7.375	0.5325	497750
7.375	0.5375	534606
7.375	0.5425	736929
7.375	0.5475	698170
7.375	0.5525	822661
7.375	0.5575	880242
7.375	0.5625	867544
7.375	0.5675	867528
7.375	0.5725	822896
7.375	0.5775	800345
7.375	0.5825	775489
7.375	0.5875	740760
7.375	0.5925	726388
7.375	0.5975	688491
7.375	0.6025	684858
7.375	0.6075	662457
7.375	0.6125	664099
7.375	0.6175	652867
7.375	0.6225	614808
7.375	0.6275	577982
7.375	0.6325	565193
7.375	0.6375	559042
7.375	0.6425	534286
7.375	0.6475	529554
7.375	0.6525	492105
7.375	0.6575	470154
7.375	0.6625	461066
7.375	0.6675	438426
7.375	0.6725	412945
7.375	0.6775	409584
7.375	0.6825	392961
7.375	0.6875	369759
7.375	0.6925	350311
7.375	0.6975	336360
7.375	0.7025	174349
7.425	0.5275	106071
7.425	0.5325	300819
7.425	0.5375	454541
7.425	0.5425	504374
7.425	0.5475	662526
7.425	0.5525	663206
7.425	0.5575	780905
7.425	0.5625	856521
7.425	0.5675	829738
7.425	0.5725	830679
7.425	0.5775	776271
7.425	0.5825	753784
7.425	0.5875	740173
7.425	0.5925	700950
7.425	0.5975	675234
7.425	0.6025	644129
7.425	0.6075	661223
7.425	0.6125	632871
7.425	0.6175	667586
7.425	0.6225	635807
7.425	0.6275	587710
7.425	0.6325	535370
7.425	0.6375	533200
7.425	0.6425	522287
7.425	0.6475	512754
7.425	0.6525	513332
7.425	0.6575	468165
7.425	0.6625	461456
7.425	0.6675	409653
7.425	0.6725	408448
7.425	0.6775	412804
7.425	0.6825	399772
7.425	0.6875	371298
7.425	0.6925	348784
7.425	0.6975	335004
7.425	0.7025	268915
7.475	0.5275	2177.28
7.475	0.5325	172399
7.475	0.5375	276177
7.475	0.5425	455844
7.475	0.5475	469668
7.475	0.5525	585397
7.475	0.5575	644084
7.475	0.5625	727618
7.475	0.5675	814790
7.475	0.5725	782594
7.475	0.5775	765857
7.475	0.5825	742357
7.475	0.5875	707369
7.475	0.5925	719896
7.475	0.5975	668985
7.475	0.6025	639287
7.475	0.6075	637063
7.475	0.6125	633658
7.475	0.6175	612976
7.475	0.6225	612923
7.475	0.6275	571630
7.475	0.6325	533081
7.475	0.6375	518805
7.475	0.6425	508836
7.475	0.6475	521037
7.475	0.6525	489773
7.475	0.6575	486167
7.475	0.6625	434727
7.475	0.6675	437094
7.475	0.6725	390150
7.475	0.6775	388847
7.475	0.6825	383329
7.475	0.6875	370928
7.475	0.6925	354761
7.475	0.6975	326351
7.475	0.7025	325070
7.475	0.7075	32650
7.525	0.5325	18799.7
7.525	0.5375	208193
7.525	0.5425	259545
7.525	0.5475	410172
7.525	0.5525	448804
7.525	0.5575	536493
7.525	0.5625	636042
7.525	0.5675	646129
7.525	0.5725	773809
7.525	0.5775	734964
7.525	0.5825	740114
7.525	0.5875	689242
7.525	0.5925	678414
7.525	0.5975	687197
7.525	0.6025	632685
7.525	0.6075	619968
7.525	0.6125	622195
7.525	0.6175	620140
7.525	0.6225	593318
7.525	0.6275	588994
7.525	0.6325	546868
7.525	0.6375	517131
7.525	0.6425	490381
7.525	0.6475	481533
7.525	0.6525	480115
7.525	0.6575	467354
7.525	0.6625	439998
7.525	0.6675	407603
7.525	0.6725	413966
7.525	0.6775	364117
7.525	0.6825	361555
7.525	0.6875	356018
7.525	0.6925	346443
7.525	0.6975	334489
7.525	0.7025	323077
7.525	0.7075	118197
7.575	0.5375	31280.9
7.575	0.5425	190723
7.575	0.5475	239087
7.575	0.5525	369927
7.575	0.5575	420001
7.575	0.5625	488334
7.575	0.5675	614137
7.575	0.5725	600136
7.575	0.5775	722873
7.575	0.5825	703866
7.575	0.5875	679874
7.575	0.5925	661994
7.575	0.5975	659727
7.575	0.6025	640143
7.575	0.6075	591888
7.575	0.6125	589738
7.575	0.6175	589660
7.575	0.6225	576477
7.575	0.6275	562254
7.575	0.6325	546606
7.575	0.6375	516347
7.575	0.6425	485597
7.575	0.6475	452009
7.575	0.6525	465564
7.575	0.6575	459614
7.575	0.6625	436870
7.575	0.6675	415948
7.575	0.6725	397352
7.575	0.6775	383828
7.575	0.6825	345939
7.575	0.6875	338242
7.575	0.6925	340920
7.575	0.6975	315874
7.575	0.7025	310489
7.575	0.7075	190575
7.625	0.5425	35791
7.625	0.5475	177727
7.625	0.5525	231804
7.625	0.5575	342505
7.625	0.5625	406019
7.625	0.5675	430030
7.625	0.5725	572178
7.625	0.5775	563738
7.625	0.5825	649890
7.625	0.5875	673310
7.625	0.5925	647305
7.625	0.5975	615475
7.625	0.6025	652682
7.625	0.6075	619682
7.625	0.6125	568903
7.625	0.6175	558233
7.625	0.6225	558238
7.625	0.6275	512428
7.625	0.6325	537171
7.625	0.6375	515772
7.625	0.6425	473297
7.625	0.6475	461467
7.625	0.6525	424887
7.625	0.6575	440155
7.625	0.6625	430801
7.625	0.6675	404140
7.625	0.6725	386776
7.625	0.6775	369773
7.625	0.6825	353921
7.625	0.6875	328704
7.625	0.6925	314018
7.625	0.6975	306336
7.625	0.7025	300417
7.625	0.7075	268038
7.625	0.7125	2316.58
7.675	0.5425	3574
7.675	0.5475	37253.6
7.675	0.5525	153295
7.675	0.5575	202582
7.675	0.5625	305412
7.675	0.5675	365948
7.675	0.5725	407798
7.675	0.5775	539876
7.675	0.5825	523523
7.675	0.5875	572692
7.675	0.5925	648375
7.675	0.5975	596914
7.675	0.6025	590749
7.675	0.6075	610171
7.675	0.6125	565379
7.675	0.6175	531702
7.675	0.6225	522819
7.675	0.6275	539991
7.675	0.6325	474788
7.675	0.6375	503962
7.675	0.6425	474714
7.675	0.6475	453962
7.675	0.6525	417770
7.675	0.6575	411087
7.675	0.6625	431481
7.675	0.6675	405638
7.675	0.6725	389579
7.675	0.6775	351339
7.675	0.6825	349991
7.675	0.6875	332301
7.675	0.6925	314379
7.675	0.6975	303682
7.675	0.7025	291837
7.675	0.7075	287377
7.675	0.7125	58529.5
7.725	0.5475	10524.7
7.725	0.5525	33504.7
7.725	0.5575	150207
7.725	0.5625	185688
7.725	0.5675	266002
7.725	0.5725	333940
7.725	0.5775	367334
7.725	0.5825	482411
7.725	0.5875	487895
7.725	0.5925	528960
7.725	0.5975	614692
7.725	0.6025	555852
7.725	0.6075	559052
7.725	0.6125	592130
7.725	0.6175	542675
7.725	0.6225	507779
7.725	0.6275	518143
7.725	0.6325	500858
7.725	0.6375	460192
7.725	0.6425	461442
7.725	0.6475	449984
7.725	0.6525	423656
7.725	0.6575	405876
7.725	0.6625	397210
7.725	0.6675	400633
7.725	0.6725	374917
7.725	0.6775	370542
7.725	0.6825	333418
7.725	0.6875	334538
7.725	0.6925	307252
7.725	0.6975	295054
7.725	0.7025	288024
7.725	0.7075	274933
7.725	0.7125	125336
7.775	0.5525	18709.6
7.775	0.5575	30622.1
7.775	0.5625	132033
7.775	0.5675	169768
7.775	0.5725	249163
7.775	0.5775	303933
7.775	0.5825	336784
7.775	0.5875	447743
7.775	0.5925	464970
7.775	0.5975	491554
7.775	0.6025	568758
7.775	0.6075	527988
7.775	0.6125	531748
7.775	0.6175	559027
7.775	0.6225	502272
7.775	0.6275	490996
7.775	0.6325	501011
7.775	0.6375	471507
7.775	0.6425	440466
7.775	0.6475	436774
7.775	0.6525	424590
7.775	0.6575	399146
7.775	0.6625	382956
7.775	0.6675	367263
7.775	0.6725	363534
7.775	0.6775	356492
7.775	0.6825	352929
7.775	0.6875	317747
7.775	0.6925	324255
7.775	0.6975	296635
7.775	0.7025	282404
7.775	0.7075	273343
7.775	0.7125	185870
7.825	0.5525	362.861
7.825	0.5575	14911.4
7.825	0.5625	27077.4
7.825	0.5675	106565
7.825	0.5725	162289
7.825	0.5775	213843
7.825	0.5825	281453
7.825	0.5875	307524
7.825	0.5925	420847
7.825	0.5975	441264
7.825	0.6025	457540
7.825	0.6075	514861
7.825	0.6125	501379
7.825	0.6175	512974
7.825	0.6225	519075
7.825	0.6275	463069
7.825	0.6325	466528
7.825	0.6375	478619
7.825	0.6425	446176
7.825	0.6475	416816
7.825	0.6525	409709
7.825	0.6575	393809
7.825	0.6625	387054
7.825	0.6675	358389
7.825	0.6725	357925
7.825	0.6775	335208
7.825	0.6825	337027
7.825	0.6875	321769
7.825	0.6925	297351
7.825	0.6975	306076
7.825	0.7025	283764
7.825	0.7075	266815
7.825	0.7125	242646
7.825	0.7175	7514.4
7.875	0.5575	17.9387
7.875	0.5625	16023.3
7.875	0.5675	24570.7
7.875	0.5725	84091.3
7.875	0.5775	159723
7.875	0.5825	179111
7.875	0.5875	274752
7.875	0.5925	285161
7.875	0.5975	362524
7.875	0.6025	424733
7.875	0.6075	422255
7.875	0.6125	450076
7.875	0.6175	479815
7.875	0.6225	490751
7.875	0.6275	473699
7.875	0.6325	447113
7.875	0.6375	446649
7.875	0.6425	420098
7.875	0.6475	395426
7.875	0.6525	391081
7.875	0.6575	386136
7.875	0.6625	382472
7.875	0.6675	367779
7.875	0.6725	338818
7.875	0.6775	333359
7.875	0.6825	326152
7.875	0.6875	305759
7.875	0.6925	312911
7.875	0.6975	288789
7.875	0.7025	289169
7.875	0.7075	267104
7.875	0.7125	243618
7.875	0.7175	59576.7
7.925	0.5625	2.55707
7.925	0.5675	12956
7.925	0.5725	24080.3
7.925	0.5775	72264.1
7.925	0.5825	158488
7.925	0.5875	154620
7.925	0.5925	268085
7.925	0.5975	276720
7.925	0.6025	309268
7.925	0.6075	400913
7.925	0.6125	397166
7.925	0.6175	406042
7.925	0.6225	455600
7.925	0.6275	467175
7.925	0.6325	441829
7.925	0.6375	431558
7.925	0.6425	430171
7.925	0.6475	403229
7.925	0.6525	384549
7.925	0.6575	371345
7.925	0.6625	357092
7.925	0.6675	365116
7.925	0.6725	334703
7.925	0.6775	322066
7.925	0.6825	314178
7.925	0.6875	308815
7.925	0.6925	278852
7.925	0.6975	274355
7.925	0.7025	264552
7.925	0.7075	259576
7.925	0.7125	253879
7.925	0.7175	122764
7.975	0.5725	9039.61
7.975	0.5775	24713.8
7.975	0.5825	59611.3
7.975	0.5875	150517
7.975	0.5925	162006
7.975	0.5975	242186
7.975	0.6025	258448
7.975	0.6075	287627
7.975	0.6125	375135
7.975	0.6175	377318
7.975	0.6225	367357
7.975	0.6275	435667
7.975	0.6325	438087
7.975	0.6375	423750
7.975	0.6425	416386
7.975	0.6475	408814
7.975	0.6525	374359
7.975	0.6575	365178
7.975	0.6625	359172
7.975	0.6675	342773
7.975	0.6725	350180
7.975	0.6775	326979
7.975	0.6825	310203
7.975	0.6875	295761
7.975	0.6925	288771
7.975	0.6975	277528
7.975	0.7025	258937
7.975	0.7075	251013
7.975	0.7125	243952
7.975	0.7175	187769
8.025	0.5775	7810.24
8.025	0.5825	24881.9
8.025	0.5875	48686.2
8.025	0.5925	132865
8.025	0.5975	155241
8.025	0.6025	208735
8.025	0.6075	251248
8.025	0.6125	256752
8.025	0.6175	352024
8.025	0.6225	352516
8.025	0.6275	343421
8.025	0.6325	400500
8.025	0.6375	422838
8.025	0.6425	408517
8.025	0.6475	390912
8.025	0.6525	387924
8.025	0.6575	357244
8.025	0.6625	348104
8.025	0.6675	337744
8.025	0.6725	328014
8.025	0.6775	331195
8.025	0.6825	306901
8.025	0.6875	292147
8.025	0.6925	280964
8.025	0.6975	278578
8.025	0.7025	253523
8.025	0.7075	242832
8.025	0.7125	243321
8.025	0.7175	229168
8.025	0.7225	7222.07
8.075	0.5825	7228.42
8.075	0.5875	24560.3
8.075	0.5925	40488.9
8.075	0.5975	112668
8.075	0.6025	145541
8.075	0.6075	182459
8.075	0.6125	238161
8.075	0.6175	234742
8.075	0.6225	300997
8.075	0.6275	331505
8.075	0.6325	318956
8.075	0.6375	375484
8.075	0.6425	386007
8.075	0.6475	387800
8.075	0.6525	383505
8.075	0.6575	362323
8.075	0.6625	333849
8.075	0.6675	327222
8.075	0.6725	316303
8.075	0.6775	311435
8.075	0.6825	308332
8.075	0.6875	286998
8.075	0.6925	270425
8.075	0.6975	263644
8.075	0.7025	258990
8.075	0.7075	242883
8.075	0.7125	222612
8.075	0.7175	222996
8.075	0.7225	57396.4
8.125	0.5875	6033.95
8.125	0.5925	23034.6
8.125	0.5975	32294.3
8.125	0.6025	102332
8.125	0.6075	134626
8.125	0.6125	161310
8.125	0.6175	224801
8.125	0.6225	220994
8.125	0.6275	278258
8.125	0.6325	302957
8.125	0.6375	309641
8.125	0.6425	330624
8.125	0.6475	375655
8.125	0.6525	373535
8.125	0.6575	344786
8.125	0.6625	334908
8.125	0.6675	325837
8.125	0.6725	313463
8.125	0.6775	293122
8.125	0.6825	306015
8.125	0.6875	291860
8.125	0.6925	268388
8.125	0.6975	255263
8.125	0.7025	252916
8.125	0.7075	237017
8.125	0.7125	227126
8.125	0.7175	217040
8.125	0.7225	109836
8.175	0.5925	4798.44
8.175	0.5975	19524.1
8.175	0.6025	26191.3
8.175	0.6075	105668
8.175	0.6125	122857
8.175	0.6175	137805
8.175	0.6225	209180
8.175	0.6275	209367
8.175	0.6325	232693
8.175	0.6375	277917
8.175	0.6425	291187
8.175	0.6475	297939
8.175	0.6525	351166
8.175	0.6575	348939
8.175	0.6625	312473
8.175	0.6675	313106
8.175	0.6725	310423
8.175	0.6775	294992
8.175	0.6825	289197
8.175	0.6875	285166
8.175	0.6925	273778
8.175	0.6975	249056
8.175	0.7025	239024
8.175	0.7075	237257
8.175	0.7125	226573
8.175	0.7175	207713
8.175	0.7225	154858
8.225	0.5975	3331.32
8.225	0.6025	17374.7
8.225	0.6075	21974.8
8.225	0.6125	92659.3
8.225	0.6175	110619
8.225	0.6225	129507
8.225	0.6275	189837
8.225	0.6325	195301
8.225	0.6375	197614
8.225	0.6425	258037
8.225	0.6475	284672
8.225	0.6525	284203
8.225	0.6575	311294
8.225	0.6625	322280
8.225	0.6675	311662
8.225	0.6725	299058
8.225	0.6775	286322
8.225	0.6825	274677
8.225	0.6875	280165
8.225	0.6925	260873
8.225	0.6975	260123
8.225	0.7025	242634
8.225	0.7075	232158
8.225	0.7125	221565
8.225	0.7175	219858
8.225	0.7225	194691
8.225	0.7275	6753.97
8.275	0.6025	1700.35
8.275	0.6075	16363.4
8.275	0.6125	17969
8.275	0.6175	60721.1
8.275	0.6225	107391
8.275	0.6275	118043
8.275	0.6325	162878
8.275	0.6375	184627
8.275	0.6425	183953
8.275	0.6475	245852
8.275	0.6525	264599
8.275	0.6575	258149
8.275	0.6625	279031
8.275	0.6675	311561
8.275	0.6725	294270
8.275	0.6775	276968
8.275	0.6825	262912
8.275	0.6875	255924
8.275	0.6925	268406
8.275	0.6975	246733
8.275	0.7025	245336
8.275	0.7075	224012
8.275	0.7125	213608
8.275	0.7175	213447
8.275	0.7225	205595
8.275	0.7275	49287.9
8.325	0.6075	1043.13
8.325	0.6125	15292
8.325	0.6175	17095.7
8.325	0.6225	47862
8.325	0.6275	101255
8.325	0.6325	110511
8.325	0.6375	141022
8.325	0.6425	177209
8.325	0.6475	174998
8.325	0.6525	211256
8.325	0.6575	255584
8.325	0.6625	249357
8.325	0.6675	241196
8.325	0.6725	274270
8.325	0.6775	273432
8.325	0.6825	252368
8.325	0.6875	256460
8.325	0.6925	246389
8.325	0.6975	245311
8.325	0.7025	237418
8.325	0.7075	218086
8.325	0.7125	217627
8.325	0.7175	201254
8.325	0.7225	200279
8.325	0.7275	96783.3
8.375	0.6125	670.049
8.375	0.6175	11793
8.375	0.6225	16898.2
8.375	0.6275	37273.4
8.375	0.6325	94359.7
8.375	0.6375	97226.3
8.375	0.6425	106058
8.375	0.6475	163648
8.375	0.6525	168738
8.375	0.6575	177366
8.375	0.6625	231202
8.375	0.6675	234764
8.375	0.6725	216792
8.375	0.6775	247594
8.375	0.6825	262031
8.375	0.6875	239424
8.375	0.6925	234789
8.375	0.6975	234698
8.375	0.7025	233665
8.375	0.7075	223652
8.375	0.7125	213487
8.375	0.7175	204246
8.375	0.7225	194325
8.375	0.7275	135826
8.425	0.6175	163.904
8.425	0.6225	8442.38
8.425	0.6275	17075.1
8.425	0.6325	23746.9
8.425	0.6375	85856.1
8.425	0.6425	83880.3
8.425	0.6475	93903
8.425	0.6525	148413
8.425	0.6575	163014
8.425	0.6625	142791
8.425	0.6675	213882
8.425	0.6725	218285
8.425	0.6775	196892
8.425	0.6825	219007
8.425	0.6875	246046
8.425	0.6925	222992
8.425	0.6975	224329
8.425	0.7025	222537
8.425	0.7075	218219
8.425	0.7125	215529
8.425	0.7175	196775
8.425	0.7225	187949
8.425	0.7275	174302
8.425	0.7325	2282.15
8.475	0.6275	6471.14
8.475	0.6325	16526.3
8.475	0.6375	15642.4
8.475	0.6425	77506.6
8.475	0.6475	77595
8.475	0.6525	83073.3
8.475	0.6575	128622
8.475	0.6625	151248
8.475	0.6675	126794
8.475	0.6725	185005
8.475	0.6775	203378
8.475	0.6825	184860
8.475	0.6875	195738
8.475	0.6925	214628
8.475	0.6975	209170
8.475	0.7025	209296
8.475	0.7075	201691
8.475	0.7125	204634
8.475	0.7175	196747
8.475	0.7225	187254
8.475	0.7275	177692
8.475	0.7325	33366.4
8.525	0.6325	5176.07
8.525	0.6375	14683.3
8.525	0.6425	13029.3
8.525	0.6475	58304.5
8.525	0.6525	68971.4
8.525	0.6575	68499.4
8.525	0.6625	120369
8.525	0.6675	136558
8.525	0.6725	118382
8.525	0.6775	148182
8.525	0.6825	187484
8.525	0.6875	172158
8.525	0.6925	171182
8.525	0.6975	195035
8.525	0.7025	201133
8.525	0.7075	202247
8.525	0.7125	191036
8.525	0.7175	188075
8.525	0.7225	190593
8.525	0.7275	176192
8.525	0.7325	68977.8
8.575	0.6375	4183.78
8.575	0.6425	10928.5
8.575	0.6475	12820.7
8.575	0.6525	39919.9
8.575	0.6575	64637.4
8.575	0.6625	66217.8
8.575	0.6675	99268.5
8.575	0.6725	123213
8.575	0.6775	113760
8.575	0.6825	120621
8.575	0.6875	160593
8.575	0.6925	167757
8.575	0.6975	159748
8.575	0.7025	168057
8.575	0.7075	188982
8.575	0.7125	192252
8.575	0.7175	177303
8.575	0.7225	173884
8.575	0.7275	169320
8.575	0.7325	111605
8.625	0.6425	2293.78
8.625	0.6475	8347.08
8.625	0.6525	13364
8.625	0.6575	27619.1
8.625	0.6625	60194.7
8.625	0.6675	62313.7
8.625	0.6725	80813.8
8.625	0.6775	106157
8.625	0.6825	108270
8.625	0.6875	109865
8.625	0.6925	139552
8.625	0.6975	163177
8.625	0.7025	150584
8.625	0.7075	152876
8.625	0.7125	179125
8.625	0.7175	180192
8.625	0.7225	175588
8.625	0.7275	157465
8.625	0.7325	139352
8.675	0.6475	929.256
8.675	0.6525	6223.47
8.675	0.6575	13442.6
8.675	0.6625	17034.1
8.675	0.6675	52751
8.675	0.6725	62401.8
8.675	0.6775	64493.9
8.675	0.6825	89729.9
8.675	0.6875	103730
8.675	0.6925	99220.1
8.675	0.6975	118300
8.675	0.7025	149211
8.675	0.7075	138569
8.675	0.7125	142475
8.675	0.7175	151943
8.675	0.7225	168771
8.675	0.7275	153415
8.675	0.7325	150905
8.675	0.7375	15139.2
8.725	0.6525	103.817
8.725	0.6575	7319.61
8.725	0.6625	12564.2
8.725	0.6675	12294.7
8.725	0.6725	42192.3
8.725	0.6775	60108.1
8.725	0.6825	56702.4
8.725	0.6875	81277
8.725	0.6925	99611.1
8.725	0.6975	96657.7
8.725	0.7025	105968
8.725	0.7075	133611
8.725	0.7125	132891
8.725	0.7175	133406
8.725	0.7225	136867
8.725	0.7275	153641
8.725	0.7325	149937
8.725	0.7375	45626.4
8.775	0.6575	42.6143
8.775	0.6625	6400.64
8.775	0.6675	11479.8
8.775	0.6725	7213.21
8.775	0.6775	32224.5
8.775	0.6825	57702.7
8.775	0.6875	53520.1
8.775	0.6925	67096.6
8.775	0.6975	88731
8.775	0.7025	88704.9
8.775	0.7075	97055
8.775	0.7125	116821
8.775	0.7175	124344
8.775	0.7225	128729
8.775	0.7275	123481
8.775	0.7325	134750
8.775	0.7375	75683.6
8.825	0.6675	4455.35
8.825	0.6725	9864.38
8.825	0.6775	5849.23
8.825	0.6825	24812.3
8.825	0.6875	51097.3
8.825	0.6925	51295
8.825	0.6975	56264.9
8.825	0.7025	79152.6
8.825	0.7075	86007.9
8.825	0.7125	93178.5
8.825	0.7175	96950.3
8.825	0.7225	117187
8.825	0.7275	119998
8.825	0.7325	116374
8.825	0.7375	92675.5
8.875	0.6725	1970.54
8.875	0.6775	8142.06
8.875	0.6825	5316.54
8.875	0.6875	14733.1
8.875	0.6925	43908.5
8.875	0.6975	49065.3
8.875	0.7025	48232.7
8.875	0.7075	70838.2
8.875	0.7125	79312.7
8.875	0.7175	86505
8.875	0.7225	86085.5
8.875	0.7275	106896
8.875	0.7325	111985
8.875	0.7375	107283
8.875	0.7425	1984.85
8.925	0.6775	1673.98
8.925	0.6825	4951.32
8.925	0.6875	4789.37
8.925	0.6925	10833.3
8.925	0.6975	37895.3
8.925	0.7025	47583.5
8.925	0.7075	43132.1
8.925	0.7125	62616
8.925	0.7175	77991.2
8.925	0.7225	81736.4
8.925	0.7275	75780.2
8.925	0.7325	94043.1
8.925	0.7375	103956
8.925	0.7425	20171.4
8.975	0.6825	386.571
8.975	0.6875	3305.78
8.975	0.6925	4341.9
8.975	0.6975	9015.36
8.975	0.7025	27488.8
8.975	0.7075	44312.8
8.975	0.7125	41892.7
8.975	0.7175	48114.7
8.975	0.7225	73094.6
8.975	0.7275	77434.5
8.975	0.7325	70100.6
8.975	0.7375	74235.7
8.975	0.7425	37106.7
9.025	0.6875	18.8163
9.025	0.6925	2483.19
9.025	0.6975	4089.88
9.025	0.7025	9103.17
9.025	0.7075	18876.7
9.025	0.7125	39483.6
9.025	0.7175	39595.4
9.025	0.7225	41461.9
9.025	0.7275	65199.8
9.025	0.7325	72609.7
9.025	0.7375	67922
9.025	0.7425	38810.2
9.075	0.6975	1698.05
9.075	0.7025	4543.81
9.075	0.7075	8393.26
9.075	0.7125	10507
9.075	0.7175	33768.3
9.075	0.7225	38456
9.075	0.7275	37459.4
9.075	0.7325	52229
9.075	0.7375	64989.1
9.075	0.7425	54033.1
9.125	0.7025	673.084
9.125	0.7075	5188.27
9.125	0.7125	6909.63
9.125	0.7175	5826.74
9.125	0.7225	26352.9
9.125	0.7275	38349.4
9.125	0.7325	35600.4
9.125	0.7375	41296.1
9.125	0.7425	55501.4
9.125	0.7475	3252.2
9.175	0.7075	167.06
9.175	0.7125	6114.57
9.175	0.7175	5447.98
9.175	0.7225	3610.74
9.175	0.7275	18298
9.175	0.7325	34809
9.175	0.7375	33478.3
9.175	0.7425	31050.6
9.175	0.7475	8897.11
9.225	0.7125	188.347
9.225	0.7175	5131.06
9.225	0.7225	4197.32
9.225	0.7275	3712.74
9.225	0.7325	12173.3
9.225	0.7375	30176
9.225	0.7425	33628.1
9.225	0.7475	13715.1
9.275	0.7225	2205.84
9.275	0.7275	3246.09
9.275	0.7325	3876.4
9.275	0.7375	5998.33
9.275	0.7425	23986.9
9.275	0.7475	21516.1
9.325	0.7275	889.204
9.325	0.7325	2383.21
9.325	0.7375	3927.23
9.325	0.7425	3623.27
9.325	0.7475	14428.4
9.375	0.7325	171.367
9.375	0.7375	2140.56
9.375	0.7425	3751.98
9.375	0.7475	3464.59
9.375	0.7525	416.146
9.425	0.7375	42.7852
9.425	0.7425	1833.83
9.425	0.7475	3321.02
9.425	0.7525	594.208
9.475	0.7475	1201.87
9.475	0.7525	1498.45
9.525	0.7525	60.2883
