Q2_center	xbj_center	Content
2.275	0.2275	13126.1
2.275	0.2325	78060.3
2.275	0.2375	562.052
2.325	0.2325	47144.5
2.325	0.2375	189671
2.325	0.2425	10935
2.375	0.2375	42717.8
2.375	0.2425	385786
2.375	0.2475	118852
2.375	0.2525	29696.2
2.425	0.2425	1.41803e+06
2.425	0.2475	2.44694e+06
2.425	0.2525	248677
2.425	0.2575	172751
2.425	0.2625	8962.51
2.475	0.2475	1.83779e+06
2.475	0.2525	4.79612e+06
2.475	0.2575	1.7259e+06
2.475	0.2625	227079
2.475	0.2675	49000.1
2.475	0.2725	5235.85
2.525	0.2525	1.68884e+06
2.525	0.2575	5.95982e+06
2.525	0.2625	4.5276e+06
2.525	0.2675	1.17207e+06
2.525	0.2725	135224
2.525	0.2775	199907
2.525	0.2825	19665.5
2.575	0.2575	3.03599e+06
2.575	0.2625	8.84191e+06
2.575	0.2675	6.20344e+06
2.575	0.2725	3.83415e+06
2.575	0.2775	674803
2.575	0.2825	338727
2.575	0.2875	82409.7
2.575	0.2925	12536.6
2.625	0.2625	3.71181e+06
2.625	0.2675	1.17546e+07
2.625	0.2725	7.40577e+06
2.625	0.2775	5.81311e+06
2.625	0.2825	2.66001e+06
2.625	0.2875	601079
2.625	0.2925	212231
2.625	0.2975	170021
2.625	0.3025	4939.61
2.675	0.2675	3.44574e+06
2.675	0.2725	1.22458e+07
2.675	0.2775	9.59116e+06
2.675	0.2825	6.55111e+06
2.675	0.2875	4.62371e+06
2.675	0.2925	2.88545e+06
2.675	0.2975	429906
2.675	0.3025	235077
2.675	0.3075	82165.8
2.675	0.3125	56640.2
2.725	0.2725	3.82358e+06
2.725	0.2775	1.26853e+07
2.725	0.2825	1.0815e+07
2.725	0.2875	8.2935e+06
2.725	0.2925	5.00772e+06
2.725	0.2975	4.65398e+06
2.725	0.3025	2.25587e+06
2.725	0.3075	496780
2.725	0.3125	194851
2.725	0.3175	178076
2.725	0.3225	20505.6
2.775	0.2775	3.75884e+06
2.775	0.2825	1.36017e+07
2.775	0.2875	1.1314e+07
2.775	0.2925	9.41962e+06
2.775	0.2975	6.97652e+06
2.775	0.3025	5.07255e+06
2.775	0.3075	3.94844e+06
2.775	0.3125	2.03302e+06
2.775	0.3175	443564
2.775	0.3225	217426
2.775	0.3275	117430
2.775	0.3325	39809.4
2.775	0.3375	7910.68
2.825	0.2825	3.57167e+06
2.825	0.2875	1.39853e+07
2.825	0.2925	1.28566e+07
2.825	0.2975	9.46842e+06
2.825	0.3025	9.05332e+06
2.825	0.3075	6.57794e+06
2.825	0.3125	4.1689e+06
2.825	0.3175	3.5206e+06
2.825	0.3225	2.49543e+06
2.825	0.3275	774196
2.825	0.3325	131800
2.825	0.3375	100525
2.825	0.3425	63149.4
2.825	0.3475	37324
2.875	0.2875	3.46189e+06
2.875	0.2925	1.38541e+07
2.875	0.2975	1.33388e+07
2.875	0.3025	1.10614e+07
2.875	0.3075	9.12552e+06
2.875	0.3125	8.13188e+06
2.875	0.3175	5.82791e+06
2.875	0.3225	3.68023e+06
2.875	0.3275	3.93032e+06
2.875	0.3325	2.51529e+06
2.875	0.3375	818124
2.875	0.3425	112472
2.875	0.3475	127183
2.875	0.3525	104690
2.875	0.3575	27110
2.875	0.3625	2752.58
2.925	0.2925	3.76131e+06
2.925	0.2975	1.42125e+07
2.925	0.3025	1.33364e+07
2.925	0.3075	1.24075e+07
2.925	0.3125	1.04273e+07
2.925	0.3175	8.19077e+06
2.925	0.3225	7.70467e+06
2.925	0.3275	5.23261e+06
2.925	0.3325	3.90412e+06
2.925	0.3375	3.48602e+06
2.925	0.3425	2.41531e+06
2.925	0.3475	1.07948e+06
2.925	0.3525	166966
2.925	0.3575	127507
2.925	0.3625	84293.3
2.925	0.3675	48310.2
2.925	0.3725	13506.3
2.975	0.2975	3.39671e+06
2.975	0.3025	1.42946e+07
2.975	0.3075	1.36568e+07
2.975	0.3125	1.23961e+07
2.975	0.3175	1.12344e+07
2.975	0.3225	8.87839e+06
2.975	0.3275	7.65556e+06
2.975	0.3325	6.99415e+06
2.975	0.3375	5.1722e+06
2.975	0.3425	3.54122e+06
2.975	0.3475	2.93125e+06
2.975	0.3525	2.56792e+06
2.975	0.3575	1.51969e+06
2.975	0.3625	362305
2.975	0.3675	82800.2
2.975	0.3725	78010.7
2.975	0.3775	60672
2.975	0.3825	59567.1
2.975	0.3875	11491.3
3.025	0.3025	3.22743e+06
3.025	0.3075	1.35431e+07
3.025	0.3125	1.38271e+07
3.025	0.3175	1.19847e+07
3.025	0.3225	1.08278e+07
3.025	0.3275	9.84104e+06
3.025	0.3325	8.28623e+06
3.025	0.3375	6.85874e+06
3.025	0.3425	6.21084e+06
3.025	0.3475	5.03899e+06
3.025	0.3525	3.21325e+06
3.025	0.3575	2.72038e+06
3.025	0.3625	2.63023e+06
3.025	0.3675	1.5865e+06
3.025	0.3725	666307
3.025	0.3775	86763.4
3.025	0.3825	70365.9
3.025	0.3875	107859
3.025	0.3925	146442
3.025	0.3975	61882.7
3.025	0.4025	7261.62
3.075	0.3075	3.00802e+06
3.075	0.3125	1.25944e+07
3.075	0.3175	1.30923e+07
3.075	0.3225	1.19759e+07
3.075	0.3275	1.08187e+07
3.075	0.3325	9.72456e+06
3.075	0.3375	9.53552e+06
3.075	0.3425	7.74898e+06
3.075	0.3475	5.94002e+06
3.075	0.3525	6.02773e+06
3.075	0.3575	4.94049e+06
3.075	0.3625	3.41214e+06
3.075	0.3675	2.53132e+06
3.075	0.3725	2.27098e+06
3.075	0.3775	1.71851e+06
3.075	0.3825	1.09356e+06
3.075	0.3875	256002
3.075	0.3925	99274.5
3.075	0.3975	158857
3.075	0.4025	157224
3.075	0.4075	99056.2
3.075	0.4125	37242.3
3.075	0.4175	6466.87
3.125	0.3125	2.68676e+06
3.125	0.3175	1.13138e+07
3.125	0.3225	1.19195e+07
3.125	0.3275	1.15451e+07
3.125	0.3325	1.06984e+07
3.125	0.3375	9.67861e+06
3.125	0.3425	9.30381e+06
3.125	0.3475	8.72654e+06
3.125	0.3525	6.66533e+06
3.125	0.3575	5.76226e+06
3.125	0.3625	5.75022e+06
3.125	0.3675	5.05361e+06
3.125	0.3725	3.61963e+06
3.125	0.3775	2.26192e+06
3.125	0.3825	1.9724e+06
3.125	0.3875	2.05939e+06
3.125	0.3925	1.57809e+06
3.125	0.3975	783185
3.125	0.4025	173015
3.125	0.4075	164389
3.125	0.4125	125164
3.125	0.4175	110083
3.125	0.4225	71128.3
3.125	0.4275	18572.1
3.125	0.4325	114.243
3.175	0.3175	2.4829e+06
3.175	0.3225	1.05535e+07
3.175	0.3275	1.10677e+07
3.175	0.3325	1.08857e+07
3.175	0.3375	1.05026e+07
3.175	0.3425	9.81608e+06
3.175	0.3475	9.0711e+06
3.175	0.3525	8.49024e+06
3.175	0.3575	7.90588e+06
3.175	0.3625	6.61435e+06
3.175	0.3675	5.44113e+06
3.175	0.3725	5.38287e+06
3.175	0.3775	5.08862e+06
3.175	0.3825	3.48117e+06
3.175	0.3875	2.25103e+06
3.175	0.3925	1.93553e+06
3.175	0.3975	2.15666e+06
3.175	0.4025	2.03651e+06
3.175	0.4075	1.14674e+06
3.175	0.4125	432846
3.175	0.4175	124274
3.175	0.4225	114624
3.175	0.4275	96546.1
3.175	0.4325	54238.9
3.175	0.4375	85542.3
3.175	0.4425	67912
3.175	0.4475	2658.58
3.225	0.3225	2.40446e+06
3.225	0.3275	9.85936e+06
3.225	0.3325	1.05221e+07
3.225	0.3375	1.02681e+07
3.225	0.3425	9.78772e+06
3.225	0.3475	9.74232e+06
3.225	0.3525	9.15073e+06
3.225	0.3575	8.38329e+06
3.225	0.3625	7.5558e+06
3.225	0.3675	7.30259e+06
3.225	0.3725	6.39169e+06
3.225	0.3775	5.33373e+06
3.225	0.3825	4.882e+06
3.225	0.3875	4.57402e+06
3.225	0.3925	3.56892e+06
3.225	0.3975	2.47309e+06
3.225	0.4025	2.00716e+06
3.225	0.4075	2.02227e+06
3.225	0.4125	1.75154e+06
3.225	0.4175	1.25561e+06
3.225	0.4225	904060
3.225	0.4275	293511
3.225	0.4325	94651.4
3.225	0.4375	59882.2
3.225	0.4425	99058.2
3.225	0.4475	136701
3.225	0.4525	53133.5
3.225	0.4575	42290.5
3.225	0.4625	2005.57
3.225	0.4675	30.8812
3.275	0.3275	2.15585e+06
3.275	0.3325	9.43606e+06
3.275	0.3375	9.95719e+06
3.275	0.3425	9.47406e+06
3.275	0.3475	9.32639e+06
3.275	0.3525	9.16539e+06
3.275	0.3575	8.75213e+06
3.275	0.3625	8.4176e+06
3.275	0.3675	7.41317e+06
3.275	0.3725	6.95536e+06
3.275	0.3775	7.13294e+06
3.275	0.3825	6.01428e+06
3.275	0.3875	5.06597e+06
3.275	0.3925	4.39472e+06
3.275	0.3975	4.04071e+06
3.275	0.4025	3.78362e+06
3.275	0.4075	2.97447e+06
3.275	0.4125	2.1291e+06
3.275	0.4175	1.79664e+06
3.275	0.4225	1.38005e+06
3.275	0.4275	1.5769e+06
3.275	0.4325	1.14028e+06
3.275	0.4375	746254
3.275	0.4425	244173
3.275	0.4475	57945.8
3.275	0.4525	136681
3.275	0.4575	86318.4
3.275	0.4625	66852.5
3.275	0.4675	40336.3
3.275	0.4725	45112.6
3.275	0.4775	18978.9
3.275	0.4825	1246.54
3.325	0.3325	2.00539e+06
3.325	0.3375	9.01561e+06
3.325	0.3425	9.35056e+06
3.325	0.3475	8.94274e+06
3.325	0.3525	8.91776e+06
3.325	0.3575	8.85205e+06
3.325	0.3625	8.3555e+06
3.325	0.3675	7.90141e+06
3.325	0.3725	7.84862e+06
3.325	0.3775	6.93062e+06
3.325	0.3825	6.61818e+06
3.325	0.3875	6.43596e+06
3.325	0.3925	6.09018e+06
3.325	0.3975	4.71312e+06
3.325	0.4025	3.78337e+06
3.325	0.4075	3.74508e+06
3.325	0.4125	3.6851e+06
3.325	0.4175	3.08595e+06
3.325	0.4225	2.2515e+06
3.325	0.4275	1.40071e+06
3.325	0.4325	1.42359e+06
3.325	0.4375	1.39513e+06
3.325	0.4425	1.46901e+06
3.325	0.4475	1.24662e+06
3.325	0.4525	765412
3.325	0.4575	271235
3.325	0.4625	110653
3.325	0.4675	63953.8
3.325	0.4725	48702.1
3.325	0.4775	63563.2
3.325	0.4825	66845.5
3.325	0.4875	57207.7
3.325	0.4925	35572.8
3.325	0.4975	14051.7
3.325	0.5025	8.47557
3.375	0.3375	1.85028e+06
3.375	0.3425	8.23138e+06
3.375	0.3475	8.81286e+06
3.375	0.3525	8.39724e+06
3.375	0.3575	8.42784e+06
3.375	0.3625	8.35835e+06
3.375	0.3675	7.8339e+06
3.375	0.3725	7.62088e+06
3.375	0.3775	7.62883e+06
3.375	0.3825	7.19802e+06
3.375	0.3875	6.78902e+06
3.375	0.3925	6.03256e+06
3.375	0.3975	5.98521e+06
3.375	0.4025	5.45096e+06
3.375	0.4075	4.37904e+06
3.375	0.4125	3.80103e+06
3.375	0.4175	3.53218e+06
3.375	0.4225	3.24825e+06
3.375	0.4275	2.97021e+06
3.375	0.4325	2.34202e+06
3.375	0.4375	1.6526e+06
3.375	0.4425	1.36499e+06
3.375	0.4475	1.32885e+06
3.375	0.4525	1.45923e+06
3.375	0.4575	1.44678e+06
3.375	0.4625	1.09729e+06
3.375	0.4675	672626
3.375	0.4725	230227
3.375	0.4775	54467.2
3.375	0.4825	43871.2
3.375	0.4875	63872.7
3.375	0.4925	69921.9
3.375	0.4975	77018.9
3.375	0.5025	50536.8
3.375	0.5075	22128.9
3.375	0.5125	14144
3.375	0.5175	8663.68
3.425	0.3425	1.67742e+06
3.425	0.3475	7.86838e+06
3.425	0.3525	8.1454e+06
3.425	0.3575	7.9672e+06
3.425	0.3625	7.7103e+06
3.425	0.3675	7.95759e+06
3.425	0.3725	7.39579e+06
3.425	0.3775	7.15017e+06
3.425	0.3825	7.07739e+06
3.425	0.3875	6.98706e+06
3.425	0.3925	6.66953e+06
3.425	0.3975	6.2038e+06
3.425	0.4025	5.62733e+06
3.425	0.4075	5.30926e+06
3.425	0.4125	5.06441e+06
3.425	0.4175	4.56383e+06
3.425	0.4225	3.83757e+06
3.425	0.4275	3.09935e+06
3.425	0.4325	2.89431e+06
3.425	0.4375	2.79183e+06
3.425	0.4425	2.51628e+06
3.425	0.4475	2.03335e+06
3.425	0.4525	1.46845e+06
3.425	0.4575	1.3154e+06
3.425	0.4625	1.3999e+06
3.425	0.4675	1.29011e+06
3.425	0.4725	1.21641e+06
3.425	0.4775	898905
3.425	0.4825	647202
3.425	0.4875	249352
3.425	0.4925	71788.3
3.425	0.4975	59669.4
3.425	0.5025	70591
3.425	0.5075	65122.8
3.425	0.5125	37362.9
3.425	0.5175	45569.8
3.425	0.5225	33392.8
3.425	0.5275	43.171
3.475	0.3475	1.55488e+06
3.475	0.3525	7.26667e+06
3.475	0.3575	7.66485e+06
3.475	0.3625	7.49316e+06
3.475	0.3675	7.31843e+06
3.475	0.3725	7.2583e+06
3.475	0.3775	7.05063e+06
3.475	0.3825	6.79239e+06
3.475	0.3875	6.71011e+06
3.475	0.3925	6.44937e+06
3.475	0.3975	6.39523e+06
3.475	0.4025	6.25895e+06
3.475	0.4075	5.69877e+06
3.475	0.4125	5.09553e+06
3.475	0.4175	4.7055e+06
3.475	0.4225	4.80969e+06
3.475	0.4275	4.52196e+06
3.475	0.4325	3.76354e+06
3.475	0.4375	2.80446e+06
3.475	0.4425	2.65346e+06
3.475	0.4475	2.53082e+06
3.475	0.4525	2.49294e+06
3.475	0.4575	2.29172e+06
3.475	0.4625	1.87598e+06
3.475	0.4675	1.44757e+06
3.475	0.4725	1.27402e+06
3.475	0.4775	1.14304e+06
3.475	0.4825	1.00091e+06
3.475	0.4875	1.02083e+06
3.475	0.4925	890277
3.475	0.4975	660344
3.475	0.5025	402763
3.475	0.5075	100575
3.475	0.5125	70190.1
3.475	0.5175	45968.9
3.475	0.5225	32152.4
3.475	0.5275	14227.9
3.525	0.3525	1.43337e+06
3.525	0.3575	6.70392e+06
3.525	0.3625	7.22005e+06
3.525	0.3675	7.07089e+06
3.525	0.3725	6.87463e+06
3.525	0.3775	6.72111e+06
3.525	0.3825	6.58043e+06
3.525	0.3875	6.33972e+06
3.525	0.3925	6.15687e+06
3.525	0.3975	6.05961e+06
3.525	0.4025	6.09538e+06
3.525	0.4075	6.04256e+06
3.525	0.4125	5.47976e+06
3.525	0.4175	5.31915e+06
3.525	0.4225	4.75402e+06
3.525	0.4275	4.54757e+06
3.525	0.4325	4.45222e+06
3.525	0.4375	4.13881e+06
3.525	0.4425	3.57963e+06
3.525	0.4475	3.06282e+06
3.525	0.4525	2.45821e+06
3.525	0.4575	2.33094e+06
3.525	0.4625	2.39769e+06
3.525	0.4675	2.42711e+06
3.525	0.4725	2.04318e+06
3.525	0.4775	1.56091e+06
3.525	0.4825	1.22184e+06
3.525	0.4875	982893
3.525	0.4925	934285
3.525	0.4975	899500
3.525	0.5025	903212
3.525	0.5075	886728
3.525	0.5125	552414
3.525	0.5175	432825
3.525	0.5225	198442
3.525	0.5275	38730.9
3.525	0.5325	2395.28
3.575	0.3575	1.33267e+06
3.575	0.3625	6.38026e+06
3.575	0.3675	6.76446e+06
3.575	0.3725	6.70298e+06
3.575	0.3775	6.46278e+06
3.575	0.3825	6.29619e+06
3.575	0.3875	6.29257e+06
3.575	0.3925	6.15396e+06
3.575	0.3975	5.68875e+06
3.575	0.4025	5.74459e+06
3.575	0.4075	5.66779e+06
3.575	0.4125	5.53229e+06
3.575	0.4175	5.18506e+06
3.575	0.4225	5.43775e+06
3.575	0.4275	5.09433e+06
3.575	0.4325	4.48037e+06
3.575	0.4375	4.20069e+06
3.575	0.4425	3.97504e+06
3.575	0.4475	3.70264e+06
3.575	0.4525	3.78976e+06
3.575	0.4575	3.17182e+06
3.575	0.4625	2.45177e+06
3.575	0.4675	2.22763e+06
3.575	0.4725	2.24177e+06
3.575	0.4775	2.10021e+06
3.575	0.4825	1.93993e+06
3.575	0.4875	1.71937e+06
3.575	0.4925	1.34953e+06
3.575	0.4975	1.04735e+06
3.575	0.5025	872752
3.575	0.5075	806047
3.575	0.5125	845504
3.575	0.5175	718376
3.575	0.5225	700966
3.575	0.5275	680054
3.575	0.5325	523711
3.575	0.5375	15449.2
3.625	0.3625	1.24351e+06
3.625	0.3675	5.94183e+06
3.625	0.3725	6.3742e+06
3.625	0.3775	6.35238e+06
3.625	0.3825	6.19225e+06
3.625	0.3875	5.94117e+06
3.625	0.3925	5.95202e+06
3.625	0.3975	5.80475e+06
3.625	0.4025	5.44924e+06
3.625	0.4075	5.37564e+06
3.625	0.4125	5.32887e+06
3.625	0.4175	5.2438e+06
3.625	0.4225	4.93514e+06
3.625	0.4275	4.94092e+06
3.625	0.4325	4.9359e+06
3.625	0.4375	4.58718e+06
3.625	0.4425	4.33852e+06
3.625	0.4475	3.84957e+06
3.625	0.4525	3.45866e+06
3.625	0.4575	3.58632e+06
3.625	0.4625	3.519e+06
3.625	0.4675	3.08378e+06
3.625	0.4725	2.6465e+06
3.625	0.4775	2.37238e+06
3.625	0.4825	2.022e+06
3.625	0.4875	1.83982e+06
3.625	0.4925	1.74453e+06
3.625	0.4975	1.71914e+06
3.625	0.5025	1.65368e+06
3.625	0.5075	1.29755e+06
3.625	0.5125	1.04264e+06
3.625	0.5175	806301
3.625	0.5225	740573
3.625	0.5275	629011
3.625	0.5325	677736
3.625	0.5375	329106
3.675	0.3675	1.12739e+06
3.675	0.3725	5.6169e+06
3.675	0.3775	6.23966e+06
3.675	0.3825	5.81303e+06
3.675	0.3875	5.84883e+06
3.675	0.3925	5.74771e+06
3.675	0.3975	5.56106e+06
3.675	0.4025	5.54048e+06
3.675	0.4075	5.0949e+06
3.675	0.4125	5.06153e+06
3.675	0.4175	5.01557e+06
3.675	0.4225	4.81914e+06
3.675	0.4275	4.63852e+06
3.675	0.4325	4.75487e+06
3.675	0.4375	4.68373e+06
3.675	0.4425	4.28243e+06
3.675	0.4475	4.22604e+06
3.675	0.4525	4.14907e+06
3.675	0.4575	3.56451e+06
3.675	0.4625	3.43064e+06
3.675	0.4675	3.36767e+06
3.675	0.4725	3.0945e+06
3.675	0.4775	3.05916e+06
3.675	0.4825	2.86037e+06
3.675	0.4875	2.45104e+06
3.675	0.4925	1.85149e+06
3.675	0.4975	1.69818e+06
3.675	0.5025	1.56107e+06
3.675	0.5075	1.64987e+06
3.675	0.5125	1.60073e+06
3.675	0.5175	1.66511e+06
3.675	0.5225	1.39976e+06
3.675	0.5275	1.10638e+06
3.675	0.5325	659395
3.675	0.5375	592848
3.675	0.5425	121567
3.725	0.3725	1.0981e+06
3.725	0.3775	5.39592e+06
3.725	0.3825	5.81716e+06
3.725	0.3875	5.55943e+06
3.725	0.3925	5.59337e+06
3.725	0.3975	5.42625e+06
3.725	0.4025	5.28154e+06
3.725	0.4075	5.21317e+06
3.725	0.4125	4.84509e+06
3.725	0.4175	4.74753e+06
3.725	0.4225	4.77408e+06
3.725	0.4275	4.56656e+06
3.725	0.4325	4.36431e+06
3.725	0.4375	4.36281e+06
3.725	0.4425	4.27881e+06
3.725	0.4475	4.06655e+06
3.725	0.4525	4.00104e+06
3.725	0.4575	4.00324e+06
3.725	0.4625	3.86296e+06
3.725	0.4675	3.65444e+06
3.725	0.4725	3.30451e+06
3.725	0.4775	2.97994e+06
3.725	0.4825	2.81676e+06
3.725	0.4875	2.89139e+06
3.725	0.4925	2.85609e+06
3.725	0.4975	2.54103e+06
3.725	0.5025	2.03942e+06
3.725	0.5075	1.57727e+06
3.725	0.5125	1.50221e+06
3.725	0.5175	1.54484e+06
3.725	0.5225	1.5951e+06
3.725	0.5275	1.64605e+06
3.725	0.5325	1.58999e+06
3.725	0.5375	1.26126e+06
3.725	0.5425	811155
3.725	0.5475	25519.2
3.775	0.3775	1.00963e+06
3.775	0.3825	5.06928e+06
3.775	0.3875	5.49674e+06
3.775	0.3925	5.29786e+06
3.775	0.3975	5.24254e+06
3.775	0.4025	5.17792e+06
3.775	0.4075	5.07057e+06
3.775	0.4125	4.82718e+06
3.775	0.4175	4.54381e+06
3.775	0.4225	4.46328e+06
3.775	0.4275	4.54436e+06
3.775	0.4325	4.28948e+06
3.775	0.4375	4.10244e+06
3.775	0.4425	4.07648e+06
3.775	0.4475	3.88429e+06
3.775	0.4525	3.86391e+06
3.775	0.4575	3.82133e+06
3.775	0.4625	3.72841e+06
3.775	0.4675	3.68825e+06
3.775	0.4725	3.629e+06
3.775	0.4775	3.37391e+06
3.775	0.4825	3.12979e+06
3.775	0.4875	2.69997e+06
3.775	0.4925	2.72472e+06
3.775	0.4975	2.66146e+06
3.775	0.5025	2.596e+06
3.775	0.5075	2.42174e+06
3.775	0.5125	2.12931e+06
3.775	0.5175	1.79374e+06
3.775	0.5225	1.50744e+06
3.775	0.5275	1.40455e+06
3.775	0.5325	1.52869e+06
3.775	0.5375	1.5348e+06
3.775	0.5425	1.40692e+06
3.775	0.5475	681690
3.825	0.3825	914015
3.825	0.3875	4.85572e+06
3.825	0.3925	5.18784e+06
3.825	0.3975	4.96236e+06
3.825	0.4025	5.00165e+06
3.825	0.4075	4.78048e+06
3.825	0.4125	4.71974e+06
3.825	0.4175	4.55639e+06
3.825	0.4225	4.39104e+06
3.825	0.4275	4.19651e+06
3.825	0.4325	4.26789e+06
3.825	0.4375	3.98835e+06
3.825	0.4425	3.86547e+06
3.825	0.4475	3.9125e+06
3.825	0.4525	3.68775e+06
3.825	0.4575	3.59974e+06
3.825	0.4625	3.48867e+06
3.825	0.4675	3.5106e+06
3.825	0.4725	3.49867e+06
3.825	0.4775	3.43176e+06
3.825	0.4825	3.28769e+06
3.825	0.4875	3.139e+06
3.825	0.4925	2.8418e+06
3.825	0.4975	2.74684e+06
3.825	0.5025	2.48656e+06
3.825	0.5075	2.48177e+06
3.825	0.5125	2.3669e+06
3.825	0.5175	2.18036e+06
3.825	0.5225	2.09251e+06
3.825	0.5275	1.8256e+06
3.825	0.5325	1.65128e+06
3.825	0.5375	1.52358e+06
3.825	0.5425	1.44412e+06
3.825	0.5475	1.3547e+06
3.825	0.5525	214535
3.875	0.3875	830336
3.875	0.3925	4.58482e+06
3.875	0.3975	4.8515e+06
3.875	0.4025	4.67889e+06
3.875	0.4075	4.58319e+06
3.875	0.4125	4.48803e+06
3.875	0.4175	4.48939e+06
3.875	0.4225	4.3039e+06
3.875	0.4275	4.02549e+06
3.875	0.4325	3.92845e+06
3.875	0.4375	4.01997e+06
3.875	0.4425	3.85071e+06
3.875	0.4475	3.72492e+06
3.875	0.4525	3.69742e+06
3.875	0.4575	3.45163e+06
3.875	0.4625	3.43112e+06
3.875	0.4675	3.28435e+06
3.875	0.4725	3.20028e+06
3.875	0.4775	3.30873e+06
3.875	0.4825	3.15152e+06
3.875	0.4875	3.14913e+06
3.875	0.4925	3.01759e+06
3.875	0.4975	2.84101e+06
3.875	0.5025	2.71679e+06
3.875	0.5075	2.5772e+06
3.875	0.5125	2.38851e+06
3.875	0.5175	2.2592e+06
3.875	0.5225	2.02012e+06
3.875	0.5275	2.0047e+06
3.875	0.5325	1.79109e+06
3.875	0.5375	1.92657e+06
3.875	0.5425	1.82047e+06
3.875	0.5475	1.60528e+06
3.875	0.5525	1.19663e+06
3.875	0.5575	18306.3
3.925	0.3925	786634
3.925	0.3975	4.32766e+06
3.925	0.4025	4.61852e+06
3.925	0.4075	4.36013e+06
3.925	0.4125	4.37393e+06
3.925	0.4175	4.25702e+06
3.925	0.4225	4.06598e+06
3.925	0.4275	4.03962e+06
3.925	0.4325	3.82353e+06
3.925	0.4375	3.73484e+06
3.925	0.4425	3.83867e+06
3.925	0.4475	3.45556e+06
3.925	0.4525	3.57132e+06
3.925	0.4575	3.49625e+06
3.925	0.4625	3.30562e+06
3.925	0.4675	3.195e+06
3.925	0.4725	3.14703e+06
3.925	0.4775	3.01054e+06
3.925	0.4825	2.99313e+06
3.925	0.4875	2.94037e+06
3.925	0.4925	2.88313e+06
3.925	0.4975	2.77667e+06
3.925	0.5025	2.7334e+06
3.925	0.5075	2.55854e+06
3.925	0.5125	2.50511e+06
3.925	0.5175	2.52367e+06
3.925	0.5225	2.39966e+06
3.925	0.5275	2.10034e+06
3.925	0.5325	1.90702e+06
3.925	0.5375	1.72871e+06
3.925	0.5425	1.66992e+06
3.925	0.5475	1.77839e+06
3.925	0.5525	1.67221e+06
3.925	0.5575	692220
3.975	0.3975	724251
3.975	0.4025	4.06466e+06
3.975	0.4075	4.27547e+06
3.975	0.4125	4.12265e+06
3.975	0.4175	4.05347e+06
3.975	0.4225	4.03472e+06
3.975	0.4275	3.89715e+06
3.975	0.4325	3.69092e+06
3.975	0.4375	3.66456e+06
3.975	0.4425	3.52282e+06
3.975	0.4475	3.47302e+06
3.975	0.4525	3.35263e+06
3.975	0.4575	3.24041e+06
3.975	0.4625	3.25585e+06
3.975	0.4675	3.11346e+06
3.975	0.4725	2.99822e+06
3.975	0.4775	2.90597e+06
3.975	0.4825	2.84594e+06
3.975	0.4875	2.87131e+06
3.975	0.4925	2.69767e+06
3.975	0.4975	2.65921e+06
3.975	0.5025	2.55789e+06
3.975	0.5075	2.65497e+06
3.975	0.5125	2.34198e+06
3.975	0.5175	2.41629e+06
3.975	0.5225	2.36611e+06
3.975	0.5275	2.35228e+06
3.975	0.5325	2.23599e+06
3.975	0.5375	2.0389e+06
3.975	0.5425	1.80252e+06
3.975	0.5475	1.56065e+06
3.975	0.5525	1.64051e+06
3.975	0.5575	1.50495e+06
3.975	0.5625	154165
4.025	0.4025	688136
4.025	0.4075	3.75483e+06
4.025	0.4125	4.03547e+06
4.025	0.4175	3.85411e+06
4.025	0.4225	3.82882e+06
4.025	0.4275	3.80313e+06
4.025	0.4325	3.66066e+06
4.025	0.4375	3.48465e+06
4.025	0.4425	3.42805e+06
4.025	0.4475	3.2527e+06
4.025	0.4525	3.36603e+06
4.025	0.4575	3.11317e+06
4.025	0.4625	2.94066e+06
4.025	0.4675	3.04641e+06
4.025	0.4725	2.94248e+06
4.025	0.4775	2.84528e+06
4.025	0.4825	2.78187e+06
4.025	0.4875	2.74042e+06
4.025	0.4925	2.76156e+06
4.025	0.4975	2.54542e+06
4.025	0.5025	2.52597e+06
4.025	0.5075	2.40853e+06
4.025	0.5125	2.37517e+06
4.025	0.5175	2.23944e+06
4.025	0.5225	2.31312e+06
4.025	0.5275	2.17689e+06
4.025	0.5325	2.20385e+06
4.025	0.5375	2.16504e+06
4.025	0.5425	2.01213e+06
4.025	0.5475	1.91573e+06
4.025	0.5525	1.73946e+06
4.025	0.5575	1.72593e+06
4.025	0.5625	1.06128e+06
4.075	0.4075	633135
4.075	0.4125	3.52397e+06
4.075	0.4175	3.7271e+06
4.075	0.4225	3.66115e+06
4.075	0.4275	3.6499e+06
4.075	0.4325	3.71507e+06
4.075	0.4375	3.53421e+06
4.075	0.4425	3.33653e+06
4.075	0.4475	3.16134e+06
4.075	0.4525	3.10769e+06
4.075	0.4575	3.1417e+06
4.075	0.4625	2.89398e+06
4.075	0.4675	2.68293e+06
4.075	0.4725	2.79759e+06
4.075	0.4775	2.77449e+06
4.075	0.4825	2.68766e+06
4.075	0.4875	2.56816e+06
4.075	0.4925	2.70476e+06
4.075	0.4975	2.56635e+06
4.075	0.5025	2.42585e+06
4.075	0.5075	2.32156e+06
4.075	0.5125	2.26748e+06
4.075	0.5175	2.24865e+06
4.075	0.5225	2.14426e+06
4.075	0.5275	2.11341e+06
4.075	0.5325	2.02994e+06
4.075	0.5375	2.04022e+06
4.075	0.5425	2.05288e+06
4.075	0.5475	1.94856e+06
4.075	0.5525	1.76267e+06
4.075	0.5575	1.69627e+06
4.075	0.5625	1.73205e+06
4.075	0.5675	457546
4.125	0.4125	614177
4.125	0.4175	3.33272e+06
4.125	0.4225	3.54872e+06
4.125	0.4275	3.44781e+06
4.125	0.4325	3.39654e+06
4.125	0.4375	3.45011e+06
4.125	0.4425	3.33582e+06
4.125	0.4475	3.13101e+06
4.125	0.4525	3.00468e+06
4.125	0.4575	2.91566e+06
4.125	0.4625	2.96425e+06
4.125	0.4675	2.70715e+06
4.125	0.4725	2.60408e+06
4.125	0.4775	2.65342e+06
4.125	0.4825	2.58324e+06
4.125	0.4875	2.50978e+06
4.125	0.4925	2.38669e+06
4.125	0.4975	2.50164e+06
4.125	0.5025	2.44558e+06
4.125	0.5075	2.31863e+06
4.125	0.5125	2.1735e+06
4.125	0.5175	2.1507e+06
4.125	0.5225	2.1279e+06
4.125	0.5275	2.01058e+06
4.125	0.5325	1.98559e+06
4.125	0.5375	1.9347e+06
4.125	0.5425	1.94044e+06
4.125	0.5475	1.85613e+06
4.125	0.5525	1.82248e+06
4.125	0.5575	1.70623e+06
4.125	0.5625	1.58891e+06
4.125	0.5675	1.40736e+06
4.125	0.5725	33533.7
4.175	0.4175	553709
4.175	0.4225	3.11096e+06
4.175	0.4275	3.42339e+06
4.175	0.4325	3.23983e+06
4.175	0.4375	3.24662e+06
4.175	0.4425	3.21167e+06
4.175	0.4475	3.13305e+06
4.175	0.4525	3.04573e+06
4.175	0.4575	2.93566e+06
4.175	0.4625	2.73122e+06
4.175	0.4675	2.81504e+06
4.175	0.4725	2.62086e+06
4.175	0.4775	2.50157e+06
4.175	0.4825	2.48557e+06
4.175	0.4875	2.47374e+06
4.175	0.4925	2.4378e+06
4.175	0.4975	2.35174e+06
4.175	0.5025	2.33076e+06
4.175	0.5075	2.35646e+06
4.175	0.5125	2.19817e+06
4.175	0.5175	2.03724e+06
4.175	0.5225	2.00547e+06
4.175	0.5275	1.97007e+06
4.175	0.5325	1.92465e+06
4.175	0.5375	1.86832e+06
4.175	0.5425	1.84254e+06
4.175	0.5475	1.80427e+06
4.175	0.5525	1.70583e+06
4.175	0.5575	1.64487e+06
4.175	0.5625	1.56798e+06
4.175	0.5675	1.51393e+06
4.175	0.5725	669358
4.225	0.4225	503681
4.225	0.4275	2.92874e+06
4.225	0.4325	3.04509e+06
4.225	0.4375	3.11948e+06
4.225	0.4425	3.00444e+06
4.225	0.4475	3.01292e+06
4.225	0.4525	2.96877e+06
4.225	0.4575	2.80482e+06
4.225	0.4625	2.73951e+06
4.225	0.4675	2.62733e+06
4.225	0.4725	2.65343e+06
4.225	0.4775	2.47315e+06
4.225	0.4825	2.46426e+06
4.225	0.4875	2.40822e+06
4.225	0.4925	2.25651e+06
4.225	0.4975	2.25728e+06
4.225	0.5025	2.24493e+06
4.225	0.5075	2.15168e+06
4.225	0.5125	2.11846e+06
4.225	0.5175	2.01614e+06
4.225	0.5225	1.9638e+06
4.225	0.5275	1.91413e+06
4.225	0.5325	1.81162e+06
4.225	0.5375	1.76476e+06
4.225	0.5425	1.70166e+06
4.225	0.5475	1.72274e+06
4.225	0.5525	1.68434e+06
4.225	0.5575	1.64073e+06
4.225	0.5625	1.53595e+06
4.225	0.5675	1.47636e+06
4.225	0.5725	1.44506e+06
4.225	0.5775	146472
4.275	0.4275	481174
4.275	0.4325	2.7566e+06
4.275	0.4375	2.8919e+06
4.275	0.4425	2.85137e+06
4.275	0.4475	2.79673e+06
4.275	0.4525	2.76035e+06
4.275	0.4575	2.6895e+06
4.275	0.4625	2.66827e+06
4.275	0.4675	2.61798e+06
4.275	0.4725	2.4553e+06
4.275	0.4775	2.50078e+06
4.275	0.4825	2.37907e+06
4.275	0.4875	2.33466e+06
4.275	0.4925	2.31233e+06
4.275	0.4975	2.15849e+06
4.275	0.5025	2.10663e+06
4.275	0.5075	2.10721e+06
4.275	0.5125	2.03126e+06
4.275	0.5175	1.94026e+06
4.275	0.5225	1.88631e+06
4.275	0.5275	1.81253e+06
4.275	0.5325	1.79151e+06
4.275	0.5375	1.67761e+06
4.275	0.5425	1.65601e+06
4.275	0.5475	1.60523e+06
4.275	0.5525	1.64163e+06
4.275	0.5575	1.5938e+06
4.275	0.5625	1.48867e+06
4.275	0.5675	1.49499e+06
4.275	0.5725	1.3781e+06
4.275	0.5775	865966
4.325	0.4325	430329
4.325	0.4375	2.4937e+06
4.325	0.4425	2.73409e+06
4.325	0.4475	2.73512e+06
4.325	0.4525	2.66336e+06
4.325	0.4575	2.62772e+06
4.325	0.4625	2.5162e+06
4.325	0.4675	2.41905e+06
4.325	0.4725	2.41964e+06
4.325	0.4775	2.32447e+06
4.325	0.4825	2.33981e+06
4.325	0.4875	2.21227e+06
4.325	0.4925	2.21595e+06
4.325	0.4975	2.16038e+06
4.325	0.5025	2.01574e+06
4.325	0.5075	2.04012e+06
4.325	0.5125	1.95642e+06
4.325	0.5175	1.9243e+06
4.325	0.5225	1.83047e+06
4.325	0.5275	1.75687e+06
4.325	0.5325	1.71579e+06
4.325	0.5375	1.68135e+06
4.325	0.5425	1.61179e+06
4.325	0.5475	1.52859e+06
4.325	0.5525	1.54781e+06
4.325	0.5575	1.53819e+06
4.325	0.5625	1.46619e+06
4.325	0.5675	1.40761e+06
4.325	0.5725	1.44163e+06
4.325	0.5775	1.31951e+06
4.325	0.5825	251542
4.375	0.4375	379621
4.375	0.4425	2.37254e+06
4.375	0.4475	2.58434e+06
4.375	0.4525	2.53239e+06
4.375	0.4575	2.53783e+06
4.375	0.4625	2.46972e+06
4.375	0.4675	2.37116e+06
4.375	0.4725	2.20795e+06
4.375	0.4775	2.2164e+06
4.375	0.4825	2.19583e+06
4.375	0.4875	2.21498e+06
4.375	0.4925	2.1123e+06
4.375	0.4975	2.12041e+06
4.375	0.5025	2.05539e+06
4.375	0.5075	1.93558e+06
4.375	0.5125	1.94115e+06
4.375	0.5175	1.80715e+06
4.375	0.5225	1.72379e+06
4.375	0.5275	1.72143e+06
4.375	0.5325	1.65424e+06
4.375	0.5375	1.63651e+06
4.375	0.5425	1.59891e+06
4.375	0.5475	1.58173e+06
4.375	0.5525	1.49427e+06
4.375	0.5575	1.41798e+06
4.375	0.5625	1.40834e+06
4.375	0.5675	1.36072e+06
4.375	0.5725	1.33016e+06
4.375	0.5775	1.35418e+06
4.375	0.5825	985541
4.375	0.5875	995.516
4.425	0.4425	344965
4.425	0.4475	2.22428e+06
4.425	0.4525	2.46665e+06
4.425	0.4575	2.38613e+06
4.425	0.4625	2.34575e+06
4.425	0.4675	2.2136e+06
4.425	0.4725	2.25973e+06
4.425	0.4775	2.13711e+06
4.425	0.4825	2.10596e+06
4.425	0.4875	2.10102e+06
4.425	0.4925	2.07757e+06
4.425	0.4975	1.97947e+06
4.425	0.5025	1.97585e+06
4.425	0.5075	1.94966e+06
4.425	0.5125	1.83967e+06
4.425	0.5175	1.80693e+06
4.425	0.5225	1.71138e+06
4.425	0.5275	1.55999e+06
4.425	0.5325	1.57529e+06
4.425	0.5375	1.51902e+06
4.425	0.5425	1.54093e+06
4.425	0.5475	1.49167e+06
4.425	0.5525	1.53258e+06
4.425	0.5575	1.46614e+06
4.425	0.5625	1.36474e+06
4.425	0.5675	1.29271e+06
4.425	0.5725	1.33825e+06
4.425	0.5775	1.24933e+06
4.425	0.5825	1.27269e+06
4.425	0.5875	368697
4.475	0.4475	317179
4.475	0.4525	2.10347e+06
4.475	0.4575	2.31989e+06
4.475	0.4625	2.26494e+06
4.475	0.4675	2.23926e+06
4.475	0.4725	2.10332e+06
4.475	0.4775	2.07575e+06
4.475	0.4825	1.995e+06
4.475	0.4875	1.97119e+06
4.475	0.4925	1.95289e+06
4.475	0.4975	1.9245e+06
4.475	0.5025	1.90011e+06
4.475	0.5075	1.86412e+06
4.475	0.5125	1.83691e+06
4.475	0.5175	1.69759e+06
4.475	0.5225	1.73123e+06
4.475	0.5275	1.62882e+06
4.475	0.5325	1.46502e+06
4.475	0.5375	1.46913e+06
4.475	0.5425	1.51369e+06
4.475	0.5475	1.47417e+06
4.475	0.5525	1.4046e+06
4.475	0.5575	1.40642e+06
4.475	0.5625	1.37743e+06
4.475	0.5675	1.29349e+06
4.475	0.5725	1.27716e+06
4.475	0.5775	1.25364e+06
4.475	0.5825	1.13761e+06
4.475	0.5875	943786
4.475	0.5925	14035.8
4.525	0.4525	305212
4.525	0.4575	2.02395e+06
4.525	0.4625	2.20775e+06
4.525	0.4675	2.17734e+06
4.525	0.4725	2.14155e+06
4.525	0.4775	2.01908e+06
4.525	0.4825	1.97852e+06
4.525	0.4875	1.87118e+06
4.525	0.4925	1.88026e+06
4.525	0.4975	1.87363e+06
4.525	0.5025	1.86353e+06
4.525	0.5075	1.80658e+06
4.525	0.5125	1.72892e+06
4.525	0.5175	1.70155e+06
4.525	0.5225	1.6351e+06
4.525	0.5275	1.61622e+06
4.525	0.5325	1.53395e+06
4.525	0.5375	1.40143e+06
4.525	0.5425	1.35481e+06
4.525	0.5475	1.37541e+06
4.525	0.5525	1.3625e+06
4.525	0.5575	1.35299e+06
4.525	0.5625	1.3216e+06
4.525	0.5675	1.33481e+06
4.525	0.5725	1.20638e+06
4.525	0.5775	1.20138e+06
4.525	0.5825	1.13216e+06
4.525	0.5875	1.02604e+06
4.525	0.5925	406403
4.575	0.4575	277657
4.575	0.4625	1.97326e+06
4.575	0.4675	2.15704e+06
4.575	0.4725	2.08068e+06
4.575	0.4775	2.0161e+06
4.575	0.4825	1.88583e+06
4.575	0.4875	1.85204e+06
4.575	0.4925	1.78082e+06
4.575	0.4975	1.82671e+06
4.575	0.5025	1.81083e+06
4.575	0.5075	1.72289e+06
4.575	0.5125	1.75544e+06
4.575	0.5175	1.65443e+06
4.575	0.5225	1.60284e+06
4.575	0.5275	1.53915e+06
4.575	0.5325	1.4839e+06
4.575	0.5375	1.4511e+06
4.575	0.5425	1.33319e+06
4.575	0.5475	1.27695e+06
4.575	0.5525	1.2955e+06
4.575	0.5575	1.28308e+06
4.575	0.5625	1.25483e+06
4.575	0.5675	1.17308e+06
4.575	0.5725	1.19324e+06
4.575	0.5775	1.15314e+06
4.575	0.5825	1.10918e+06
4.575	0.5875	1.08312e+06
4.575	0.5925	878613
4.575	0.5975	25465.5
4.625	0.4625	262936
4.625	0.4675	1.87399e+06
4.625	0.4725	2.00938e+06
4.625	0.4775	1.92207e+06
4.625	0.4825	1.91141e+06
4.625	0.4875	1.88611e+06
4.625	0.4925	1.76875e+06
4.625	0.4975	1.69835e+06
4.625	0.5025	1.70555e+06
4.625	0.5075	1.72731e+06
4.625	0.5125	1.60009e+06
4.625	0.5175	1.62523e+06
4.625	0.5225	1.59978e+06
4.625	0.5275	1.53731e+06
4.625	0.5325	1.46241e+06
4.625	0.5375	1.39388e+06
4.625	0.5425	1.38458e+06
4.625	0.5475	1.29617e+06
4.625	0.5525	1.30405e+06
4.625	0.5575	1.23655e+06
4.625	0.5625	1.19737e+06
4.625	0.5675	1.20498e+06
4.625	0.5725	1.15407e+06
4.625	0.5775	1.03917e+06
4.625	0.5825	1.04093e+06
4.625	0.5875	1.03428e+06
4.625	0.5925	1.05675e+06
4.625	0.5975	441975
4.675	0.4675	236562
4.675	0.4725	1.74706e+06
4.675	0.4775	1.90872e+06
4.675	0.4825	1.80792e+06
4.675	0.4875	1.79577e+06
4.675	0.4925	1.81733e+06
4.675	0.4975	1.74281e+06
4.675	0.5025	1.64786e+06
4.675	0.5075	1.62437e+06
4.675	0.5125	1.59555e+06
4.675	0.5175	1.51721e+06
4.675	0.5225	1.53736e+06
4.675	0.5275	1.48055e+06
4.675	0.5325	1.46023e+06
4.675	0.5375	1.36933e+06
4.675	0.5425	1.30584e+06
4.675	0.5475	1.30043e+06
4.675	0.5525	1.23996e+06
4.675	0.5575	1.27097e+06
4.675	0.5625	1.20884e+06
4.675	0.5675	1.16231e+06
4.675	0.5725	1.10264e+06
4.675	0.5775	1.0749e+06
4.675	0.5825	998997
4.675	0.5875	954623
4.675	0.5925	985534
4.675	0.5975	855722
4.675	0.6025	39542.9
4.725	0.4725	239423
4.725	0.4775	1.67291e+06
4.725	0.4825	1.78475e+06
4.725	0.4875	1.71826e+06
4.725	0.4925	1.75956e+06
4.725	0.4975	1.68457e+06
4.725	0.5025	1.68227e+06
4.725	0.5075	1.57895e+06
4.725	0.5125	1.52797e+06
4.725	0.5175	1.54277e+06
4.725	0.5225	1.37664e+06
4.725	0.5275	1.36422e+06
4.725	0.5325	1.40075e+06
4.725	0.5375	1.36222e+06
4.725	0.5425	1.2843e+06
4.725	0.5475	1.24792e+06
4.725	0.5525	1.21652e+06
4.725	0.5575	1.14868e+06
4.725	0.5625	1.18499e+06
4.725	0.5675	1.15631e+06
4.725	0.5725	1.0634e+06
4.725	0.5775	1.05243e+06
4.725	0.5825	1.05042e+06
4.725	0.5875	965405
4.725	0.5925	913111
4.725	0.5975	887723
4.725	0.6025	416786
4.775	0.4775	218575
4.775	0.4825	1.50833e+06
4.775	0.4875	1.66145e+06
4.775	0.4925	1.61212e+06
4.775	0.4975	1.6385e+06
4.775	0.5025	1.58059e+06
4.775	0.5075	1.58334e+06
4.775	0.5125	1.47848e+06
4.775	0.5175	1.44651e+06
4.775	0.5225	1.44326e+06
4.775	0.5275	1.33147e+06
4.775	0.5325	1.24313e+06
4.775	0.5375	1.28437e+06
4.775	0.5425	1.27815e+06
4.775	0.5475	1.23896e+06
4.775	0.5525	1.19522e+06
4.775	0.5575	1.13842e+06
4.775	0.5625	1.09165e+06
4.775	0.5675	1.09458e+06
4.775	0.5725	1.07466e+06
4.775	0.5775	1.01806e+06
4.775	0.5825	959953
4.775	0.5875	978857
4.775	0.5925	903756
4.775	0.5975	860305
4.775	0.6025	766180
4.775	0.6075	39157.3
4.825	0.4825	209605
4.825	0.4875	1.42264e+06
4.825	0.4925	1.58451e+06
4.825	0.4975	1.53921e+06
4.825	0.5025	1.52246e+06
4.825	0.5075	1.4686e+06
4.825	0.5125	1.49501e+06
4.825	0.5175	1.43638e+06
4.825	0.5225	1.34184e+06
4.825	0.5275	1.30016e+06
4.825	0.5325	1.27124e+06
4.825	0.5375	1.15983e+06
4.825	0.5425	1.22286e+06
4.825	0.5475	1.24054e+06
4.825	0.5525	1.18596e+06
4.825	0.5575	1.09326e+06
4.825	0.5625	1.07784e+06
4.825	0.5675	1.00919e+06
4.825	0.5725	994066
4.825	0.5775	1.00216e+06
4.825	0.5825	956280
4.825	0.5875	911748
4.825	0.5925	958773
4.825	0.5975	947381
4.825	0.6025	867893
4.825	0.6075	379543
4.875	0.4875	190681
4.875	0.4925	1.35207e+06
4.875	0.4975	1.52133e+06
4.875	0.5025	1.49191e+06
4.875	0.5075	1.45823e+06
4.875	0.5125	1.38806e+06
4.875	0.5175	1.3403e+06
4.875	0.5225	1.34308e+06
4.875	0.5275	1.23633e+06
4.875	0.5325	1.2447e+06
4.875	0.5375	1.17392e+06
4.875	0.5425	1.09211e+06
4.875	0.5475	1.15906e+06
4.875	0.5525	1.15643e+06
4.875	0.5575	1.08728e+06
4.875	0.5625	1.03956e+06
4.875	0.5675	1.02325e+06
4.875	0.5725	958991
4.875	0.5775	894294
4.875	0.5825	913433
4.875	0.5875	922072
4.875	0.5925	870779
4.875	0.5975	880028
4.875	0.6025	892242
4.875	0.6075	793908
4.875	0.6125	34749.9
4.925	0.4925	162349
4.925	0.4975	1.24456e+06
4.925	0.5025	1.45127e+06
4.925	0.5075	1.40177e+06
4.925	0.5125	1.34976e+06
4.925	0.5175	1.29802e+06
4.925	0.5225	1.23692e+06
4.925	0.5275	1.25487e+06
4.925	0.5325	1.18116e+06
4.925	0.5375	1.15224e+06
4.925	0.5425	1.116e+06
4.925	0.5475	1.08003e+06
4.925	0.5525	1.08793e+06
4.925	0.5575	1.10045e+06
4.925	0.5625	1.02471e+06
4.925	0.5675	957615
4.925	0.5725	961672
4.925	0.5775	912676
4.925	0.5825	884179
4.925	0.5875	868783
4.925	0.5925	832604
4.925	0.5975	808890
4.925	0.6025	813944
4.925	0.6075	816385
4.925	0.6125	358107
4.975	0.4975	149404
4.975	0.5025	1.14156e+06
4.975	0.5075	1.38913e+06
4.975	0.5125	1.3549e+06
4.975	0.5175	1.26635e+06
4.975	0.5225	1.27788e+06
4.975	0.5275	1.20775e+06
4.975	0.5325	1.21573e+06
4.975	0.5375	1.15839e+06
4.975	0.5425	1.1208e+06
4.975	0.5475	1.0645e+06
4.975	0.5525	1.03931e+06
4.975	0.5575	1.04289e+06
4.975	0.5625	1.02375e+06
4.975	0.5675	978976
4.975	0.5725	912450
4.975	0.5775	946909
4.975	0.5825	871921
4.975	0.5875	851478
4.975	0.5925	809208
4.975	0.5975	793407
4.975	0.6025	769182
4.975	0.6075	759899
4.975	0.6125	700713
4.975	0.6175	19199.6
5.025	0.5025	139676
5.025	0.5075	1.09809e+06
5.025	0.5125	1.32951e+06
5.025	0.5175	1.27616e+06
5.025	0.5225	1.20132e+06
5.025	0.5275	1.18794e+06
5.025	0.5325	1.13616e+06
5.025	0.5375	1.14046e+06
5.025	0.5425	1.12514e+06
5.025	0.5475	1.07088e+06
5.025	0.5525	1.02557e+06
5.025	0.5575	987314
5.025	0.5625	1.00139e+06
5.025	0.5675	942183
5.025	0.5725	943128
5.025	0.5775	860539
5.025	0.5825	883925
5.025	0.5875	846393
5.025	0.5925	822026
5.025	0.5975	772533
5.025	0.6025	747926
5.025	0.6075	701884
5.025	0.6125	703837
5.025	0.6175	278068
5.075	0.5075	127045
5.075	0.5125	1.04948e+06
5.075	0.5175	1.25608e+06
5.075	0.5225	1.22127e+06
5.075	0.5275	1.15837e+06
5.075	0.5325	1.16063e+06
5.075	0.5375	1.06949e+06
5.075	0.5425	1.08247e+06
5.075	0.5475	1.03234e+06
5.075	0.5525	1.00874e+06
5.075	0.5575	969246
5.075	0.5625	940190
5.075	0.5675	917630
5.075	0.5725	897646
5.075	0.5775	859939
5.075	0.5825	800133
5.075	0.5875	817335
5.075	0.5925	829983
5.075	0.5975	786621
5.075	0.6025	753138
5.075	0.6075	700513
5.075	0.6125	686979
5.075	0.6175	556388
5.075	0.6225	7414.59
5.125	0.5125	120416
5.125	0.5175	990289
5.125	0.5225	1.18576e+06
5.125	0.5275	1.16708e+06
5.125	0.5325	1.09595e+06
5.125	0.5375	1.08778e+06
5.125	0.5425	1.04991e+06
5.125	0.5475	1.00756e+06
5.125	0.5525	993296
5.125	0.5575	952308
5.125	0.5625	920789
5.125	0.5675	900068
5.125	0.5725	875747
5.125	0.5775	842828
5.125	0.5825	831428
5.125	0.5875	740185
5.125	0.5925	748120
5.125	0.5975	772060
5.125	0.6025	741353
5.125	0.6075	703707
5.125	0.6125	648219
5.125	0.6175	644854
5.125	0.6225	198597
5.175	0.5175	109602
5.175	0.5225	968548
5.175	0.5275	1.14714e+06
5.175	0.5325	1.10653e+06
5.175	0.5375	1.06453e+06
5.175	0.5425	1.03651e+06
5.175	0.5475	976868
5.175	0.5525	941490
5.175	0.5575	908377
5.175	0.5625	915097
5.175	0.5675	874590
5.175	0.5725	844380
5.175	0.5775	828690
5.175	0.5825	774733
5.175	0.5875	797645
5.175	0.5925	712255
5.175	0.5975	694557
5.175	0.6025	692195
5.175	0.6075	685276
5.175	0.6125	662981
5.175	0.6175	622840
5.175	0.6225	472847
5.175	0.6275	66.6105
5.225	0.5225	106475
5.225	0.5275	908194
5.225	0.5325	1.04144e+06
5.225	0.5375	1.04114e+06
5.225	0.5425	1.00091e+06
5.225	0.5475	949604
5.225	0.5525	947148
5.225	0.5575	893939
5.225	0.5625	868503
5.225	0.5675	836271
5.225	0.5725	826118
5.225	0.5775	791880
5.225	0.5825	738618
5.225	0.5875	737447
5.225	0.5925	728941
5.225	0.5975	684819
5.225	0.6025	647898
5.225	0.6075	653398
5.225	0.6125	654936
5.225	0.6175	629037
5.225	0.6225	592983
5.225	0.6275	129753
5.275	0.5275	96976.5
5.275	0.5325	857678
5.275	0.5375	983675
5.275	0.5425	966382
5.275	0.5475	933677
5.275	0.5525	913869
5.275	0.5575	870455
5.275	0.5625	846351
5.275	0.5675	829708
5.275	0.5725	766376
5.275	0.5775	768950
5.275	0.5825	758671
5.275	0.5875	715236
5.275	0.5925	677783
5.275	0.5975	650188
5.275	0.6025	632434
5.275	0.6075	600672
5.275	0.6125	616916
5.275	0.6175	607081
5.275	0.6225	590825
5.275	0.6275	386716
5.325	0.5325	88508.6
5.325	0.5375	798701
5.325	0.5425	941564
5.325	0.5475	875030
5.325	0.5525	882950
5.325	0.5575	856693
5.325	0.5625	818764
5.325	0.5675	788022
5.325	0.5725	773490
5.325	0.5775	737311
5.325	0.5825	725426
5.325	0.5875	700694
5.325	0.5925	659900
5.325	0.5975	642282
5.325	0.6025	623001
5.325	0.6075	620128
5.325	0.6125	590900
5.325	0.6175	573928
5.325	0.6225	579815
5.325	0.6275	550288
5.325	0.6325	74430.4
5.375	0.5375	64569.9
5.375	0.5425	667970
5.375	0.5475	856419
5.375	0.5525	844331
5.375	0.5575	805332
5.375	0.5625	801765
5.375	0.5675	782202
5.375	0.5725	708105
5.375	0.5775	699432
5.375	0.5825	711723
5.375	0.5875	689003
5.375	0.5925	647643
5.375	0.5975	640565
5.375	0.6025	607562
5.375	0.6075	581179
5.375	0.6125	593386
5.375	0.6175	574919
5.375	0.6225	551110
5.375	0.6275	548713
5.375	0.6325	285124
5.425	0.5425	61011.6
5.425	0.5475	536552
5.425	0.5525	707926
5.425	0.5575	785879
5.425	0.5625	740443
5.425	0.5675	726120
5.425	0.5725	729039
5.425	0.5775	687928
5.425	0.5825	646070
5.425	0.5875	667498
5.425	0.5925	634064
5.425	0.5975	628690
5.425	0.6025	601611
5.425	0.6075	594707
5.425	0.6125	556514
5.425	0.6175	553087
5.425	0.6225	534279
5.425	0.6275	525172
5.425	0.6325	479244
5.425	0.6375	21448.8
5.475	0.5475	55842.6
5.475	0.5525	494925
5.475	0.5575	604826
5.475	0.5625	709415
5.475	0.5675	697602
5.475	0.5725	668482
5.475	0.5775	679572
5.475	0.5825	654194
5.475	0.5875	616442
5.475	0.5925	610190
5.475	0.5975	591610
5.475	0.6025	591722
5.475	0.6075	581454
5.475	0.6125	573864
5.475	0.6175	524152
5.475	0.6225	518535
5.475	0.6275	514784
5.475	0.6325	488798
5.475	0.6375	188938
5.525	0.5525	50101.4
5.525	0.5575	462040
5.525	0.5625	550493
5.525	0.5675	617738
5.525	0.5725	636064
5.525	0.5775	625408
5.525	0.5825	642725
5.525	0.5875	602425
5.525	0.5925	566486
5.525	0.5975	579933
5.525	0.6025	558988
5.525	0.6075	560193
5.525	0.6125	546194
5.525	0.6175	539164
5.525	0.6225	522069
5.525	0.6275	504939
5.525	0.6325	486536
5.525	0.6375	387693
5.525	0.6425	337.384
5.575	0.5575	34563.2
5.575	0.5625	366317
5.575	0.5675	511845
5.575	0.5725	552592
5.575	0.5775	564311
5.575	0.5825	571721
5.575	0.5875	594379
5.575	0.5925	553552
5.575	0.5975	562064
5.575	0.6025	567528
5.575	0.6075	533986
5.575	0.6125	520169
5.575	0.6175	498217
5.575	0.6225	504617
5.575	0.6275	489802
5.575	0.6325	478674
5.575	0.6375	420504
5.575	0.6425	103697
5.625	0.5625	23564
5.625	0.5675	266875
5.625	0.5725	450882
5.625	0.5775	516355
5.625	0.5825	497674
5.625	0.5875	514479
5.625	0.5925	567360
5.625	0.5975	537204
5.625	0.6025	541109
5.625	0.6075	508423
5.625	0.6125	506387
5.625	0.6175	498720
5.625	0.6225	448711
5.625	0.6275	463379
5.625	0.6325	457954
5.625	0.6375	458292
5.625	0.6425	269215
5.675	0.5675	20578.7
5.675	0.5725	236586
5.675	0.5775	358030
5.675	0.5825	458163
5.675	0.5875	470071
5.675	0.5925	448167
5.675	0.5975	495453
5.675	0.6025	494640
5.675	0.6075	512877
5.675	0.6125	467104
5.675	0.6175	462844
5.675	0.6225	467259
5.675	0.6275	436540
5.675	0.6325	430901
5.675	0.6375	412604
5.675	0.6425	415373
5.675	0.6475	39071.8
5.725	0.5725	20102.1
5.725	0.5775	220071
5.725	0.5825	302750
5.725	0.5875	356367
5.725	0.5925	421041
5.725	0.5975	423444
5.725	0.6025	420552
5.725	0.6075	454107
5.725	0.6125	473792
5.725	0.6175	427019
5.725	0.6225	446119
5.725	0.6275	429988
5.725	0.6325	409882
5.725	0.6375	397465
5.725	0.6425	387245
5.725	0.6475	176779
5.775	0.5775	18655.6
5.775	0.5825	194526
5.775	0.5875	277675
5.775	0.5925	266247
5.775	0.5975	361484
5.775	0.6025	390143
5.775	0.6075	370801
5.775	0.6125	382022
5.775	0.6175	432350
5.775	0.6225	414003
5.775	0.6275	408425
5.775	0.6325	399595
5.775	0.6375	389386
5.775	0.6425	379954
5.775	0.6475	306169
5.775	0.6525	859.083
5.825	0.5825	5866.31
5.825	0.5875	130773
5.825	0.5925	248746
5.825	0.5975	245482
5.825	0.6025	276789
5.825	0.6075	327971
5.825	0.6125	356618
5.825	0.6175	338041
5.825	0.6225	338025
5.825	0.6275	366938
5.825	0.6325	384487
5.825	0.6375	376724
5.825	0.6425	364847
5.825	0.6475	359067
5.825	0.6525	89858.9
5.875	0.5875	5253.37
5.875	0.5925	87047.2
5.875	0.5975	184235
5.875	0.6025	236703
5.875	0.6075	239381
5.875	0.6125	247662
5.875	0.6175	305755
5.875	0.6225	325195
5.875	0.6275	284121
5.875	0.6325	315515
5.875	0.6375	355344
5.875	0.6425	359139
5.875	0.6475	348629
5.875	0.6525	225052
5.925	0.5925	4786.64
5.925	0.5975	80662
5.925	0.6025	136427
5.925	0.6075	178327
5.925	0.6125	221541
5.925	0.6175	206732
5.925	0.6225	248970
5.925	0.6275	299189
5.925	0.6325	268654
5.925	0.6375	273554
5.925	0.6425	304947
5.925	0.6475	327916
5.925	0.6525	314427
5.925	0.6575	18068.4
5.975	0.5975	4410.1
5.975	0.6025	75370.8
5.975	0.6075	114280
5.975	0.6125	121015
5.975	0.6175	194427
5.975	0.6225	193591
5.975	0.6275	198898
5.975	0.6325	227515
5.975	0.6375	246842
5.975	0.6425	259986
5.975	0.6475	265055
5.975	0.6525	281590
5.975	0.6575	117059
6.025	0.6025	3135.98
6.025	0.6075	61288.5
6.025	0.6125	107386
6.025	0.6175	97921.8
6.025	0.6225	145652
6.025	0.6275	171947
6.025	0.6325	184199
6.025	0.6375	185387
6.025	0.6425	202768
6.025	0.6475	238019
6.025	0.6525	251690
6.025	0.6575	183088
6.075	0.6075	1539.29
6.075	0.6125	24374
6.075	0.6175	79905.7
6.075	0.6225	93111.3
6.075	0.6275	103178
6.075	0.6325	126877
6.075	0.6375	167470
6.075	0.6425	168812
6.075	0.6475	157611
6.075	0.6525	199107
6.075	0.6575	232151
6.075	0.6625	35486.2
6.125	0.6125	1532.38
6.125	0.6175	13047.5
6.125	0.6225	39166.1
6.125	0.6275	72393.5
6.125	0.6325	94578.4
6.125	0.6375	88588.7
6.125	0.6425	129939
6.125	0.6475	157333
6.125	0.6525	145057
6.125	0.6575	137876
6.125	0.6625	82966.6
6.175	0.6175	1289.47
6.175	0.6225	12630
6.175	0.6275	15028.2
6.175	0.6325	44085
6.175	0.6375	87300.4
6.175	0.6425	76177.9
6.175	0.6475	82624.7
6.175	0.6525	121349
6.175	0.6575	136056
6.175	0.6625	106459
6.175	0.6675	495.875
6.225	0.6225	1259.89
6.225	0.6275	10981
6.225	0.6325	12669.4
6.225	0.6375	16341.6
6.225	0.6425	55584.4
6.225	0.6475	72964
6.225	0.6525	63530.9
6.225	0.6575	91265.9
6.225	0.6625	113920
6.225	0.6675	28075.6
6.275	0.6275	86.5626
6.275	0.6325	3025.87
6.275	0.6375	11557.7
6.275	0.6425	10260.2
6.275	0.6475	21911
6.275	0.6525	51515.5
6.275	0.6575	62421.5
6.275	0.6625	69384.8
6.275	0.6675	44403.5
6.325	0.6375	782.565
6.325	0.6425	7021.24
6.325	0.6475	9395.05
6.325	0.6525	10375
6.325	0.6575	25150.9
6.325	0.6625	51187.7
6.325	0.6675	59974.8
6.325	0.6725	1374.04
6.375	0.6475	1567.44
6.375	0.6525	6094.46
6.375	0.6575	9706.3
6.375	0.6625	11931.6
6.375	0.6675	28097.3
6.375	0.6725	11530.6
6.425	0.6575	2298.77
6.425	0.6625	7820.49
6.425	0.6675	10645.1
6.425	0.6725	6494.38
6.475	0.6625	234.383
6.475	0.6675	3904.14
6.475	0.6725	8825.41
6.475	0.6775	256.123
6.525	0.6725	689.706
6.525	0.6775	783.435
