Q2_center	xbj_center	Content
2.825	0.2025	41487.7
2.875	0.2025	22318.7
2.875	0.2075	197068
2.925	0.2075	131808
2.925	0.2125	113300
2.975	0.2125	198902
2.975	0.2175	97876.5
3.025	0.2125	564820
3.025	0.2175	2.25408e+06
3.025	0.2225	243467
3.075	0.2175	1.98013e+06
3.075	0.2225	2.58315e+06
3.075	0.2275	167511
3.125	0.2225	4.96248e+06
3.125	0.2275	3.74307e+06
3.125	0.2325	196742
3.125	0.2375	71683.8
3.175	0.2225	490443
3.175	0.2275	5.30434e+06
3.175	0.2325	5.36733e+06
3.175	0.2375	271526
3.175	0.2425	196015
3.225	0.2275	2.18804e+06
3.225	0.2325	1.34879e+07
3.225	0.2375	6.00738e+06
3.225	0.2425	591297
3.225	0.2475	89115.7
3.275	0.2325	6.32028e+06
3.275	0.2375	1.06415e+07
3.275	0.2425	6.81709e+06
3.275	0.2475	726566
3.275	0.2525	330244
3.325	0.2325	478165
3.325	0.2375	6.40534e+06
3.325	0.2425	9.49152e+06
3.325	0.2475	5.50276e+06
3.325	0.2525	1.28963e+06
3.325	0.2575	212309
3.325	0.2625	16347.1
3.375	0.2375	2.57909e+06
3.375	0.2425	1.34236e+07
3.375	0.2475	1.03967e+07
3.375	0.2525	4.15528e+06
3.375	0.2575	2.01508e+06
3.375	0.2625	276139
3.375	0.2675	90218.4
3.425	0.2425	6.44891e+06
3.425	0.2475	1.65947e+07
3.425	0.2525	1.27323e+07
3.425	0.2575	5.98099e+06
3.425	0.2625	3.25737e+06
3.425	0.2675	202939
3.425	0.2725	32305.4
3.475	0.2475	5.39629e+06
3.475	0.2525	1.12635e+07
3.475	0.2575	8.54564e+06
3.475	0.2625	5.21193e+06
3.475	0.2675	2.46452e+06
3.475	0.2725	189249
3.475	0.2775	128595
3.525	0.2525	1.04827e+07
3.525	0.2575	1.09185e+07
3.525	0.2625	1.04247e+07
3.525	0.2675	4.78381e+06
3.525	0.2725	4.37121e+06
3.525	0.2775	614124
3.525	0.2825	49765.4
3.525	0.2875	53474
3.575	0.2525	5.65404e+06
3.575	0.2575	1.36574e+07
3.575	0.2625	1.46373e+07
3.575	0.2675	6.59533e+06
3.575	0.2725	6.56285e+06
3.575	0.2775	4.3673e+06
3.575	0.2825	41734.5
3.575	0.2875	158280
3.575	0.2925	65341.6
3.625	0.2575	1.04502e+07
3.625	0.2625	1.61827e+07
3.625	0.2675	1.36362e+07
3.625	0.2725	1.14421e+07
3.625	0.2775	8.12806e+06
3.625	0.2825	4.44275e+06
3.625	0.2875	1.84427e+06
3.625	0.2925	248950
3.625	0.2975	30570.4
3.675	0.2625	1.13116e+07
3.675	0.2675	1.40557e+07
3.675	0.2725	9.91435e+06
3.675	0.2775	1.27311e+07
3.675	0.2825	1.03494e+07
3.675	0.2875	6.66803e+06
3.675	0.2925	2.08552e+06
3.675	0.2975	110687
3.675	0.3025	138613
3.675	0.3075	74261.4
3.725	0.2625	1.93634e+06
3.725	0.2675	1.90982e+07
3.725	0.2725	1.32044e+07
3.725	0.2775	1.52724e+07
3.725	0.2825	7.52992e+06
3.725	0.2875	9.40368e+06
3.725	0.2925	4.05657e+06
3.725	0.2975	2.50297e+06
3.725	0.3025	445725
3.725	0.3075	119025
3.725	0.3125	15232.5
3.725	0.3175	33789.2
3.775	0.2675	7.62433e+06
3.775	0.2725	1.41193e+07
3.775	0.2775	1.69637e+07
3.775	0.2825	1.2252e+07
3.775	0.2875	8.06207e+06
3.775	0.2925	5.08016e+06
3.775	0.2975	4.14232e+06
3.775	0.3025	3.42649e+06
3.775	0.3075	737448
3.775	0.3125	122659
3.775	0.3175	144543
3.775	0.3225	48622.3
3.825	0.2725	1.13994e+07
3.825	0.2775	2.05435e+07
3.825	0.2825	1.7583e+07
3.825	0.2875	1.5479e+07
3.825	0.2925	1.17271e+07
3.825	0.2975	6.06881e+06
3.825	0.3025	6.27541e+06
3.825	0.3075	4.15568e+06
3.825	0.3125	1.03244e+06
3.825	0.3175	200194
3.825	0.3225	194673
3.825	0.3275	211663
3.875	0.2775	1.61705e+07
3.875	0.2825	1.91652e+07
3.875	0.2875	1.50686e+07
3.875	0.2925	1.2966e+07
3.875	0.2975	1.10163e+07
3.875	0.3025	6.04451e+06
3.875	0.3075	3.63063e+06
3.875	0.3125	3.66189e+06
3.875	0.3175	2.91505e+06
3.875	0.3225	543602
3.875	0.3275	320280
3.875	0.3325	161209
3.875	0.3375	53534.2
3.925	0.2775	3.93152e+06
3.925	0.2825	1.38226e+07
3.925	0.2875	1.58522e+07
3.925	0.2925	1.253e+07
3.925	0.2975	5.76194e+06
3.925	0.3025	1.21302e+07
3.925	0.3075	1.05102e+07
3.925	0.3125	6.3633e+06
3.925	0.3175	3.99931e+06
3.925	0.3225	2.63846e+06
3.925	0.3275	1.45115e+06
3.925	0.3325	153966
3.925	0.3375	136894
3.925	0.3425	101906
3.975	0.2825	7.5526e+06
3.975	0.2875	1.43025e+07
3.975	0.2925	1.58302e+07
3.975	0.2975	1.27893e+07
3.975	0.3025	1.35813e+07
3.975	0.3075	1.2275e+07
3.975	0.3125	8.5096e+06
3.975	0.3175	5.51329e+06
3.975	0.3225	2.5876e+06
3.975	0.3275	2.98637e+06
3.975	0.3325	2.81717e+06
3.975	0.3375	687972
3.975	0.3425	92339.8
3.975	0.3475	195642
4.025	0.2875	9.93762e+06
4.025	0.2925	1.36682e+07
4.025	0.2975	1.18246e+07
4.025	0.3025	9.15933e+06
4.025	0.3075	1.45314e+07
4.025	0.3125	8.4922e+06
4.025	0.3175	5.20923e+06
4.025	0.3225	6.38902e+06
4.025	0.3275	1.83051e+06
4.025	0.3325	4.75641e+06
4.025	0.3375	2.75284e+06
4.025	0.3425	926963
4.025	0.3475	124227
4.025	0.3525	27437.3
4.025	0.3575	174571
4.025	0.3625	26565
4.075	0.2875	1.66735e+06
4.075	0.2925	1.18807e+07
4.075	0.2975	1.50783e+07
4.075	0.3025	1.54844e+07
4.075	0.3075	1.14749e+07
4.075	0.3125	1.68159e+07
4.075	0.3175	1.06757e+07
4.075	0.3225	6.50007e+06
4.075	0.3275	4.2824e+06
4.075	0.3325	5.218e+06
4.075	0.3375	3.84023e+06
4.075	0.3425	3.03316e+06
4.075	0.3475	2.78367e+06
4.075	0.3525	793128
4.075	0.3575	244214
4.075	0.3625	122283
4.075	0.3675	71213.2
4.075	0.3725	29467.1
4.125	0.2925	5.04576e+06
4.125	0.2975	1.51178e+07
4.125	0.3025	1.31154e+07
4.125	0.3075	1.29433e+07
4.125	0.3125	8.91012e+06
4.125	0.3175	1.06708e+07
4.125	0.3225	1.0039e+07
4.125	0.3275	1.42033e+07
4.125	0.3325	2.23123e+06
4.125	0.3375	5.10283e+06
4.125	0.3425	4.11588e+06
4.125	0.3475	2.11586e+06
4.125	0.3525	1.75332e+06
4.125	0.3575	1.31575e+06
4.125	0.3625	489807
4.125	0.3675	139739
4.125	0.3725	125495
4.125	0.3775	56842.2
4.175	0.2975	9.25671e+06
4.175	0.3025	1.14499e+07
4.175	0.3075	1.05289e+07
4.175	0.3125	9.94764e+06
4.175	0.3175	1.08744e+07
4.175	0.3225	1.06924e+07
4.175	0.3275	8.49408e+06
4.175	0.3325	8.5784e+06
4.175	0.3375	4.02623e+06
4.175	0.3425	5.66013e+06
4.175	0.3475	4.68175e+06
4.175	0.3525	2.90361e+06
4.175	0.3575	3.22879e+06
4.175	0.3625	2.43954e+06
4.175	0.3675	361519
4.175	0.3725	106428
4.175	0.3775	95703.1
4.175	0.3825	210649
4.175	0.3875	36702.4
4.225	0.2975	1.82429e+06
4.225	0.3025	1.26797e+07
4.225	0.3075	1.05637e+07
4.225	0.3125	1.21954e+07
4.225	0.3175	1.05907e+07
4.225	0.3225	1.20207e+07
4.225	0.3275	1.09382e+07
4.225	0.3325	7.91506e+06
4.225	0.3375	8.46505e+06
4.225	0.3425	5.42997e+06
4.225	0.3475	2.62803e+06
4.225	0.3525	1.98182e+06
4.225	0.3575	2.05222e+06
4.225	0.3625	1.13217e+06
4.225	0.3675	2.4624e+06
4.225	0.3725	1.27643e+06
4.225	0.3775	254401
4.225	0.3825	93281.8
4.225	0.3875	126964
4.225	0.3925	85529.3
4.225	0.3975	21469.8
4.275	0.3025	3.12248e+06
4.275	0.3075	9.04252e+06
4.275	0.3125	9.38215e+06
4.275	0.3175	9.99427e+06
4.275	0.3225	9.24734e+06
4.275	0.3275	8.60132e+06
4.275	0.3325	8.73917e+06
4.275	0.3375	1.3715e+07
4.275	0.3425	6.7883e+06
4.275	0.3475	2.51906e+06
4.275	0.3525	4.65331e+06
4.275	0.3575	2.61526e+06
4.275	0.3625	3.02186e+06
4.275	0.3675	2.65539e+06
4.275	0.3725	1.3134e+06
4.275	0.3775	2.26573e+06
4.275	0.3825	958795
4.275	0.3875	88293.4
4.275	0.3925	88619.5
4.275	0.3975	37502.9
4.275	0.4025	33954.5
4.275	0.4075	9504.93
4.325	0.3075	7.1066e+06
4.325	0.3125	9.7162e+06
4.325	0.3175	7.40042e+06
4.325	0.3225	1.05964e+07
4.325	0.3275	9.5536e+06
4.325	0.3325	6.22236e+06
4.325	0.3375	7.49498e+06
4.325	0.3425	8.0005e+06
4.325	0.3475	9.3446e+06
4.325	0.3525	5.25079e+06
4.325	0.3575	3.32998e+06
4.325	0.3625	5.61679e+06
4.325	0.3675	6.04212e+06
4.325	0.3725	1.26219e+06
4.325	0.3775	3.0219e+06
4.325	0.3825	673410
4.325	0.3875	1.1973e+06
4.325	0.3925	263493
4.325	0.3975	175680
4.325	0.4025	57200.5
4.325	0.4075	70297.6
4.325	0.4125	60742.8
4.375	0.3075	419114
4.375	0.3125	1.09544e+07
4.375	0.3175	7.20254e+06
4.375	0.3225	7.72292e+06
4.375	0.3275	7.16234e+06
4.375	0.3325	1.04254e+07
4.375	0.3375	8.54711e+06
4.375	0.3425	7.36937e+06
4.375	0.3475	7.89054e+06
4.375	0.3525	8.69387e+06
4.375	0.3575	8.3765e+06
4.375	0.3625	4.38501e+06
4.375	0.3675	3.80776e+06
4.375	0.3725	5.17607e+06
4.375	0.3775	2.39506e+06
4.375	0.3825	1.77472e+06
4.375	0.3875	1.67539e+06
4.375	0.3925	1.42546e+06
4.375	0.3975	1.21752e+06
4.375	0.4025	249357
4.375	0.4075	54166.2
4.375	0.4125	48421.6
4.375	0.4175	50009.5
4.375	0.4225	40602.2
4.425	0.3125	404161
4.425	0.3175	8.73673e+06
4.425	0.3225	9.80107e+06
4.425	0.3275	5.56328e+06
4.425	0.3325	1.09625e+07
4.425	0.3375	1.09567e+07
4.425	0.3425	1.02897e+07
4.425	0.3475	7.54525e+06
4.425	0.3525	5.47472e+06
4.425	0.3575	5.89126e+06
4.425	0.3625	1.01876e+07
4.425	0.3675	3.66711e+06
4.425	0.3725	4.62159e+06
4.425	0.3775	4.25862e+06
4.425	0.3825	3.08632e+06
4.425	0.3875	2.79892e+06
4.425	0.3925	2.00543e+06
4.425	0.3975	1.2398e+06
4.425	0.4025	1.55154e+06
4.425	0.4075	692597
4.425	0.4125	72882.6
4.425	0.4175	37972
4.425	0.4225	168417
4.425	0.4275	69583.1
4.425	0.4325	20253.9
4.475	0.3175	3.51819e+06
4.475	0.3225	8.37151e+06
4.475	0.3275	6.21764e+06
4.475	0.3325	1.22428e+07
4.475	0.3375	1.00106e+07
4.475	0.3425	1.05267e+07
4.475	0.3475	9.09848e+06
4.475	0.3525	8.75306e+06
4.475	0.3575	1.18195e+07
4.475	0.3625	7.3016e+06
4.475	0.3675	4.72457e+06
4.475	0.3725	6.31928e+06
4.475	0.3775	7.29826e+06
4.475	0.3825	4.41958e+06
4.475	0.3875	4.39949e+06
4.475	0.3925	4.25895e+06
4.475	0.3975	2.42752e+06
4.475	0.4025	2.27278e+06
4.475	0.4075	1.29675e+06
4.475	0.4125	1.35941e+06
4.475	0.4175	350427
4.475	0.4225	35941
4.475	0.4275	55284.7
4.475	0.4325	65842.8
4.475	0.4375	48452.1
4.475	0.4425	20408.4
4.525	0.3225	6.43337e+06
4.525	0.3275	7.28531e+06
4.525	0.3325	9.30405e+06
4.525	0.3375	7.60631e+06
4.525	0.3425	6.94982e+06
4.525	0.3475	6.75595e+06
4.525	0.3525	8.74701e+06
4.525	0.3575	6.93525e+06
4.525	0.3625	7.54697e+06
4.525	0.3675	7.39512e+06
4.525	0.3725	6.29524e+06
4.525	0.3775	7.85409e+06
4.525	0.3825	5.45955e+06
4.525	0.3875	2.76684e+06
4.525	0.3925	2.93035e+06
4.525	0.3975	2.67794e+06
4.525	0.4025	2.44071e+06
4.525	0.4075	1.41126e+06
4.525	0.4125	1.36724e+06
4.525	0.4175	895354
4.525	0.4225	286025
4.525	0.4275	221440
4.525	0.4325	90895
4.525	0.4375	81869.9
4.525	0.4425	39605.5
4.525	0.4475	50469.8
4.525	0.4525	19667.3
4.575	0.3275	6.24831e+06
4.575	0.3325	7.6772e+06
4.575	0.3375	8.41617e+06
4.575	0.3425	1.14444e+07
4.575	0.3475	8.37682e+06
4.575	0.3525	2.62061e+06
4.575	0.3575	6.46036e+06
4.575	0.3625	4.20394e+06
4.575	0.3675	7.65128e+06
4.575	0.3725	5.67608e+06
4.575	0.3775	7.85516e+06
4.575	0.3825	9.83241e+06
4.575	0.3875	3.76411e+06
4.575	0.3925	3.37863e+06
4.575	0.3975	3.19117e+06
4.575	0.4025	1.25974e+06
4.575	0.4075	3.41333e+06
4.575	0.4125	2.94273e+06
4.575	0.4175	696892
4.575	0.4225	1.10139e+06
4.575	0.4275	1.31037e+06
4.575	0.4325	685565
4.575	0.4375	129406
4.575	0.4425	73874.2
4.575	0.4475	36656.6
4.575	0.4525	28441.4
4.575	0.4575	37909.5
4.575	0.4625	17282.2
4.625	0.3275	1.76758e+06
4.625	0.3325	6.16149e+06
4.625	0.3375	1.02464e+07
4.625	0.3425	5.53686e+06
4.625	0.3475	7.39836e+06
4.625	0.3525	6.51143e+06
4.625	0.3575	6.66789e+06
4.625	0.3625	7.82251e+06
4.625	0.3675	5.54474e+06
4.625	0.3725	4.13502e+06
4.625	0.3775	7.08588e+06
4.625	0.3825	6.39899e+06
4.625	0.3875	4.49709e+06
4.625	0.3925	6.16448e+06
4.625	0.3975	5.31198e+06
4.625	0.4025	2.96311e+06
4.625	0.4075	2.18121e+06
4.625	0.4125	2.28104e+06
4.625	0.4175	2.11552e+06
4.625	0.4225	343213
4.625	0.4275	1.26239e+06
4.625	0.4325	1.34603e+06
4.625	0.4375	728080
4.625	0.4425	1.29795e+06
4.625	0.4475	49643.4
4.625	0.4525	45899.6
4.625	0.4575	17237.8
4.625	0.4625	33449.3
4.625	0.4675	66392.7
4.625	0.4725	33720.2
4.675	0.3325	3.36225e+06
4.675	0.3375	8.5011e+06
4.675	0.3425	6.59248e+06
4.675	0.3475	6.12195e+06
4.675	0.3525	8.55766e+06
4.675	0.3575	7.32709e+06
4.675	0.3625	5.78419e+06
4.675	0.3675	6.80435e+06
4.675	0.3725	8.38573e+06
4.675	0.3775	7.06364e+06
4.675	0.3825	7.75684e+06
4.675	0.3875	6.09216e+06
4.675	0.3925	4.23434e+06
4.675	0.3975	6.03053e+06
4.675	0.4025	5.84607e+06
4.675	0.4075	4.4456e+06
4.675	0.4125	2.41527e+06
4.675	0.4175	2.70992e+06
4.675	0.4225	2.71115e+06
4.675	0.4275	1.12116e+06
4.675	0.4325	1.1394e+06
4.675	0.4375	1.1252e+06
4.675	0.4425	917085
4.675	0.4475	893524
4.675	0.4525	700508
4.675	0.4575	63496.9
4.675	0.4625	63250.1
4.675	0.4675	116419
4.675	0.4725	30866.5
4.675	0.4775	46863
4.675	0.4825	79910.8
4.725	0.3375	5.88092e+06
4.725	0.3425	3.73963e+06
4.725	0.3475	6.75187e+06
4.725	0.3525	6.9783e+06
4.725	0.3575	4.40951e+06
4.725	0.3625	7.29047e+06
4.725	0.3675	5.91196e+06
4.725	0.3725	1.00531e+07
4.725	0.3775	4.81759e+06
4.725	0.3825	6.80521e+06
4.725	0.3875	7.21957e+06
4.725	0.3925	5.02364e+06
4.725	0.3975	5.60837e+06
4.725	0.4025	4.14713e+06
4.725	0.4075	4.78887e+06
4.725	0.4125	2.22003e+06
4.725	0.4175	2.08648e+06
4.725	0.4225	3.0497e+06
4.725	0.4275	3.29011e+06
4.725	0.4325	2.73553e+06
4.725	0.4375	1.30638e+06
4.725	0.4425	940371
4.725	0.4475	1.18044e+06
4.725	0.4525	817322
4.725	0.4575	989779
4.725	0.4625	383758
4.725	0.4675	16750
4.725	0.4725	88512.3
4.725	0.4775	55105.9
4.725	0.4825	89508.1
4.725	0.4875	33132.8
4.725	0.4925	48524.1
4.725	0.4975	8182.97
4.775	0.3375	939681
4.775	0.3425	8.87085e+06
4.775	0.3475	7.99636e+06
4.775	0.3525	6.6204e+06
4.775	0.3575	6.44606e+06
4.775	0.3625	8.49232e+06
4.775	0.3675	6.46337e+06
4.775	0.3725	3.47323e+06
4.775	0.3775	5.57066e+06
4.775	0.3825	5.72614e+06
4.775	0.3875	4.64713e+06
4.775	0.3925	5.20913e+06
4.775	0.3975	1.15938e+07
4.775	0.4025	5.37791e+06
4.775	0.4075	5.25132e+06
4.775	0.4125	4.95695e+06
4.775	0.4175	6.03014e+06
4.775	0.4225	3.86785e+06
4.775	0.4275	4.61288e+06
4.775	0.4325	1.85559e+06
4.775	0.4375	1.46764e+06
4.775	0.4425	1.3759e+06
4.775	0.4475	1.13676e+06
4.775	0.4525	1.32955e+06
4.775	0.4575	1.11887e+06
4.775	0.4625	592619
4.775	0.4675	1.33463e+06
4.775	0.4725	318689
4.775	0.4775	188089
4.775	0.4875	34893.3
4.775	0.4925	73133.5
4.775	0.4975	59814.5
4.775	0.5025	36130.8
4.775	0.5075	29128.7
4.825	0.3425	3.17574e+06
4.825	0.3475	5.96037e+06
4.825	0.3525	6.45788e+06
4.825	0.3575	7.12342e+06
4.825	0.3625	7.67539e+06
4.825	0.3675	6.162e+06
4.825	0.3725	6.16036e+06
4.825	0.3775	3.686e+06
4.825	0.3825	4.48056e+06
4.825	0.3875	4.62769e+06
4.825	0.3925	4.99153e+06
4.825	0.3975	5.14615e+06
4.825	0.4025	5.18282e+06
4.825	0.4075	2.7647e+06
4.825	0.4125	3.11958e+06
4.825	0.4175	4.04597e+06
4.825	0.4225	3.40364e+06
4.825	0.4275	2.64762e+06
4.825	0.4325	5.10487e+06
4.825	0.4375	1.32862e+06
4.825	0.4425	2.92046e+06
4.825	0.4475	1.32692e+06
4.825	0.4525	2.0666e+06
4.825	0.4575	1.2655e+06
4.825	0.4625	1.13877e+06
4.825	0.4675	840019
4.825	0.4725	537690
4.825	0.4775	514770
4.825	0.4825	460851
4.825	0.4875	15503.5
4.825	0.4925	12931.1
4.825	0.4975	106988
4.825	0.5025	29246.1
4.825	0.5075	20616.8
4.825	0.5125	14711.8
4.825	0.5175	29482.7
4.825	0.5225	14949.4
4.875	0.3475	5.05609e+06
4.875	0.3525	8.21206e+06
4.875	0.3575	6.96645e+06
4.875	0.3625	7.14832e+06
4.875	0.3675	3.60413e+06
4.875	0.3725	4.43561e+06
4.875	0.3775	6.76716e+06
4.875	0.3825	2.80669e+06
4.875	0.3875	8.62164e+06
4.875	0.3925	4.29782e+06
4.875	0.3975	3.44986e+06
4.875	0.4025	5.83933e+06
4.875	0.4075	6.76785e+06
4.875	0.4125	5.43276e+06
4.875	0.4175	7.17503e+06
4.875	0.4225	2.88256e+06
4.875	0.4275	4.24108e+06
4.875	0.4325	3.6868e+06
4.875	0.4375	4.76708e+06
4.875	0.4425	1.95882e+06
4.875	0.4475	1.92548e+06
4.875	0.4525	1.89901e+06
4.875	0.4575	2.50647e+06
4.875	0.4625	1.90076e+06
4.875	0.4675	1.46295e+06
4.875	0.4725	1.1312e+06
4.875	0.4775	449839
4.875	0.4825	406184
4.875	0.4875	762726
4.875	0.4925	758959
4.875	0.4975	149743
4.875	0.5025	6869.8
4.875	0.5075	40019.1
4.875	0.5125	13009.3
4.875	0.5175	5795.26
4.875	0.5275	22099.3
4.925	0.3475	595526
4.925	0.3525	6.15194e+06
4.925	0.3575	6.80024e+06
4.925	0.3625	5.88551e+06
4.925	0.3675	5.16458e+06
4.925	0.3725	6.19646e+06
4.925	0.3775	4.67366e+06
4.925	0.3825	3.38621e+06
4.925	0.3875	5.33093e+06
4.925	0.3925	2.46681e+06
4.925	0.3975	5.04853e+06
4.925	0.4025	4.95793e+06
4.925	0.4075	6.08909e+06
4.925	0.4125	2.79008e+06
4.925	0.4175	5.01176e+06
4.925	0.4225	2.85813e+06
4.925	0.4275	2.87062e+06
4.925	0.4325	2.32389e+06
4.925	0.4375	3.88093e+06
4.925	0.4425	4.74985e+06
4.925	0.4475	3.61132e+06
4.925	0.4525	2.38604e+06
4.925	0.4575	2.00719e+06
4.925	0.4625	2.58121e+06
4.925	0.4675	1.95899e+06
4.925	0.4725	900957
4.925	0.4775	729920
4.925	0.4825	682942
4.925	0.4875	997404
4.925	0.4925	948457
4.925	0.4975	762947
4.925	0.5025	93402.9
4.925	0.5075	124623
4.925	0.5125	31305.8
4.925	0.5175	107255
4.925	0.5225	13504.1
4.925	0.5275	56062
4.925	0.5325	34427.3
4.925	0.5375	18990.5
4.925	0.5425	7035.61
4.975	0.3525	1.16071e+06
4.975	0.3575	3.56689e+06
4.975	0.3625	4.27647e+06
4.975	0.3675	3.78771e+06
4.975	0.3725	4.01094e+06
4.975	0.3775	7.16986e+06
4.975	0.3825	4.89591e+06
4.975	0.3875	4.15284e+06
4.975	0.3925	7.64428e+06
4.975	0.3975	6.05625e+06
4.975	0.4025	5.22791e+06
4.975	0.4075	4.28948e+06
4.975	0.4125	4.90568e+06
4.975	0.4175	4.96044e+06
4.975	0.4225	2.95267e+06
4.975	0.4275	3.50655e+06
4.975	0.4325	5.03913e+06
4.975	0.4375	2.39423e+06
4.975	0.4425	4.71109e+06
4.975	0.4475	3.87073e+06
4.975	0.4525	2.62243e+06
4.975	0.4575	1.57657e+06
4.975	0.4625	1.94485e+06
4.975	0.4675	2.5439e+06
4.975	0.4725	2.28825e+06
4.975	0.4775	2.08584e+06
4.975	0.4825	783967
4.975	0.4875	629381
4.975	0.4925	1.32805e+06
4.975	0.4975	1.36982e+06
4.975	0.5025	334337
4.975	0.5075	629376
4.975	0.5125	282304
4.975	0.5175	11236.2
4.975	0.5225	31477.3
4.975	0.5275	37963.2
4.975	0.5325	26211.7
4.975	0.5375	37816
4.975	0.5425	63310.6
4.975	0.5475	12345.9
5.025	0.3575	2.44953e+06
5.025	0.3625	5.74441e+06
5.025	0.3675	3.87998e+06
5.025	0.3725	6.75076e+06
5.025	0.3775	7.20168e+06
5.025	0.3825	5.40825e+06
5.025	0.3875	4.35863e+06
5.025	0.3925	5.5972e+06
5.025	0.3975	3.58006e+06
5.025	0.4025	3.31847e+06
5.025	0.4075	5.31537e+06
5.025	0.4125	4.13002e+06
5.025	0.4175	3.92281e+06
5.025	0.4225	4.22874e+06
5.025	0.4275	5.70689e+06
5.025	0.4325	4.62655e+06
5.025	0.4375	6.41973e+06
5.025	0.4425	4.07788e+06
5.025	0.4475	3.14248e+06
5.025	0.4525	4.33246e+06
5.025	0.4575	3.76503e+06
5.025	0.4625	2.69749e+06
5.025	0.4675	839191
5.025	0.4725	2.38957e+06
5.025	0.4775	2.15069e+06
5.025	0.4825	2.58524e+06
5.025	0.4875	1.852e+06
5.025	0.4925	1.03138e+06
5.025	0.4975	989265
5.025	0.5025	863088
5.025	0.5075	910770
5.025	0.5125	467154
5.025	0.5175	401836
5.025	0.5225	651113
5.025	0.5275	134795
5.025	0.5325	53111.7
5.025	0.5375	12961
5.025	0.5425	31356.2
5.025	0.5475	43010.5
5.025	0.5525	23795.8
5.025	0.5575	24567.5
5.025	0.5675	5324.77
5.075	0.3575	247957
5.075	0.3625	2.59032e+06
5.075	0.3675	3.72585e+06
5.075	0.3725	4.25e+06
5.075	0.3775	4.52406e+06
5.075	0.3825	4.76985e+06
5.075	0.3875	4.76204e+06
5.075	0.3925	3.2579e+06
5.075	0.3975	5.43655e+06
5.075	0.4025	2.85315e+06
5.075	0.4075	3.92808e+06
5.075	0.4125	4.70985e+06
5.075	0.4175	3.03096e+06
5.075	0.4225	5.23668e+06
5.075	0.4275	2.76397e+06
5.075	0.4325	4.41686e+06
5.075	0.4375	4.85538e+06
5.075	0.4425	1.75326e+06
5.075	0.4475	4.70317e+06
5.075	0.4525	2.85294e+06
5.075	0.4575	3.69967e+06
5.075	0.4625	2.88006e+06
5.075	0.4675	3.23425e+06
5.075	0.4725	2.65857e+06
5.075	0.4775	1.79313e+06
5.075	0.4825	1.59514e+06
5.075	0.4875	1.172e+06
5.075	0.4925	1.51088e+06
5.075	0.4975	1.48709e+06
5.075	0.5025	1.01986e+06
5.075	0.5075	715832
5.075	0.5125	541387
5.075	0.5175	448806
5.075	0.5225	880913
5.075	0.5275	608697
5.075	0.5325	1.08181e+06
5.075	0.5375	123503
5.075	0.5425	11942.4
5.075	0.5475	65180.7
5.075	0.5525	23184.3
5.075	0.5575	40049
5.075	0.5625	16709.9
5.075	0.5675	5281.4
5.075	0.5725	5461.18
5.125	0.3625	1.06135e+06
5.125	0.3675	5.03872e+06
5.125	0.3725	5.90253e+06
5.125	0.3775	6.90338e+06
5.125	0.3825	5.5687e+06
5.125	0.3875	4.23366e+06
5.125	0.3925	4.72232e+06
5.125	0.3975	3.71315e+06
5.125	0.4025	6.6421e+06
5.125	0.4075	3.97526e+06
5.125	0.4125	5.04497e+06
5.125	0.4175	3.23522e+06
5.125	0.4225	3.57682e+06
5.125	0.4275	3.26068e+06
5.125	0.4325	3.08275e+06
5.125	0.4375	3.52716e+06
5.125	0.4425	2.50108e+06
5.125	0.4475	3.02517e+06
5.125	0.4525	1.79497e+06
5.125	0.4575	1.66011e+06
5.125	0.4625	3.13683e+06
5.125	0.4675	2.90794e+06
5.125	0.4725	2.50009e+06
5.125	0.4775	1.17796e+06
5.125	0.4825	1.76607e+06
5.125	0.4875	2.64921e+06
5.125	0.4925	1.62822e+06
5.125	0.4975	608337
5.125	0.5025	1.34778e+06
5.125	0.5075	982324
5.125	0.5125	630216
5.125	0.5175	400690
5.125	0.5225	687825
5.125	0.5275	587254
5.125	0.5325	683622
5.125	0.5375	438335
5.125	0.5425	763589
5.125	0.5475	75087.5
5.125	0.5525	35008.9
5.125	0.5575	38056
5.125	0.5625	26913.3
5.125	0.5675	22415.8
5.125	0.5725	10024.8
5.125	0.5775	26870
5.125	0.5825	5022.2
5.125	0.5875	11230.3
5.125	0.5925	41616.7
5.125	0.5975	11330
5.175	0.3675	4.45431e+06
5.175	0.3725	4.04269e+06
5.175	0.3775	3.78657e+06
5.175	0.3825	5.69152e+06
5.175	0.3875	4.05795e+06
5.175	0.3925	3.9625e+06
5.175	0.3975	4.69985e+06
5.175	0.4025	5.72951e+06
5.175	0.4075	5.11695e+06
5.175	0.4125	5.52327e+06
5.175	0.4175	2.16314e+06
5.175	0.4225	2.87064e+06
5.175	0.4275	6.36533e+06
5.175	0.4325	2.94015e+06
5.175	0.4375	4.28486e+06
5.175	0.4425	3.32133e+06
5.175	0.4475	3.33914e+06
5.175	0.4525	1.01633e+06
5.175	0.4575	3.4631e+06
5.175	0.4625	1.37328e+06
5.175	0.4675	4.27481e+06
5.175	0.4725	2.69733e+06
5.175	0.4775	2.37104e+06
5.175	0.4825	1.70736e+06
5.175	0.4875	2.24799e+06
5.175	0.4925	2.09995e+06
5.175	0.4975	1.54541e+06
5.175	0.5025	1.34544e+06
5.175	0.5075	859244
5.175	0.5125	1.31067e+06
5.175	0.5175	1.44375e+06
5.175	0.5225	793710
5.175	0.5275	332264
5.175	0.5325	764078
5.175	0.5375	655339
5.175	0.5425	583787
5.175	0.5475	375746
5.175	0.5525	557215
5.175	0.5575	202435
5.175	0.5625	15128.1
5.175	0.5675	30649.5
5.175	0.5725	15164.7
5.175	0.5825	9674.31
5.175	0.5875	23636.8
5.175	0.5975	4535.68
5.175	0.6075	13737.9
5.225	0.3725	5.2146e+06
5.225	0.3775	3.27134e+06
5.225	0.3825	2.57753e+06
5.225	0.3875	3.98582e+06
5.225	0.3925	3.98952e+06
5.225	0.3975	6.3951e+06
5.225	0.4025	3.4926e+06
5.225	0.4075	3.77462e+06
5.225	0.4125	4.79301e+06
5.225	0.4175	5.96352e+06
5.225	0.4225	3.31776e+06
5.225	0.4275	3.58555e+06
5.225	0.4325	3.28797e+06
5.225	0.4375	3.68931e+06
5.225	0.4425	5.11378e+06
5.225	0.4475	1.62947e+06
5.225	0.4525	2.8704e+06
5.225	0.4575	3.22555e+06
5.225	0.4625	5.98727e+06
5.225	0.4675	2.02762e+06
5.225	0.4725	1.94705e+06
5.225	0.4775	2.15704e+06
5.225	0.4825	1.68276e+06
5.225	0.4875	2.78522e+06
5.225	0.4925	1.87527e+06
5.225	0.4975	2.99559e+06
5.225	0.5025	1.40141e+06
5.225	0.5075	1.5347e+06
5.225	0.5125	846905
5.225	0.5175	466980
5.225	0.5225	979370
5.225	0.5275	1.07084e+06
5.225	0.5325	851060
5.225	0.5375	476068
5.225	0.5425	631210
5.225	0.5475	357012
5.225	0.5525	491296
5.225	0.5575	471011
5.225	0.5625	471149
5.225	0.5675	374668
5.225	0.5725	143880
5.225	0.5775	30401.2
5.225	0.5825	4585.69
5.225	0.5875	19283.2
5.225	0.5925	13616.5
5.225	0.5975	4974.56
5.225	0.6025	16799.2
5.225	0.6075	20644.7
5.225	0.6125	9226.4
5.225	0.6225	15456.7
5.275	0.3725	473276
5.275	0.3775	2.86599e+06
5.275	0.3825	3.46968e+06
5.275	0.3875	3.41253e+06
5.275	0.3925	3.25753e+06
5.275	0.3975	3.58742e+06
5.275	0.4025	3.37245e+06
5.275	0.4075	3.50152e+06
5.275	0.4125	3.53786e+06
5.275	0.4175	4.70582e+06
5.275	0.4225	2.8313e+06
5.275	0.4275	3.97069e+06
5.275	0.4325	2.24913e+06
5.275	0.4375	3.47928e+06
5.275	0.4425	3.21826e+06
5.275	0.4475	2.20389e+06
5.275	0.4525	3.69546e+06
5.275	0.4575	3.98948e+06
5.275	0.4625	2.61254e+06
5.275	0.4675	5.74447e+06
5.275	0.4725	2.21775e+06
5.275	0.4775	3.84843e+06
5.275	0.4825	2.09739e+06
5.275	0.4875	1.9877e+06
5.275	0.4925	2.33809e+06
5.275	0.4975	1.98932e+06
5.275	0.5025	1.71285e+06
5.275	0.5075	1.76384e+06
5.275	0.5125	558179
5.275	0.5175	1.06587e+06
5.275	0.5225	1.14543e+06
5.275	0.5275	1.32703e+06
5.275	0.5325	1.28295e+06
5.275	0.5375	1.38753e+06
5.275	0.5425	1.43258e+06
5.275	0.5475	632942
5.275	0.5525	461510
5.275	0.5575	88777.4
5.275	0.5625	556104
5.275	0.5675	509525
5.275	0.5725	159552
5.275	0.5775	412634
5.275	0.5825	174678
5.275	0.5875	227600
5.275	0.5925	27014.9
5.275	0.5975	12731.6
5.275	0.6025	40925.1
5.275	0.6125	9919.01
5.275	0.6175	12576.9
5.325	0.3775	897452
5.325	0.3825	3.59145e+06
5.325	0.3875	3.35244e+06
5.325	0.3925	4.20073e+06
5.325	0.3975	3.70933e+06
5.325	0.4025	4.16647e+06
5.325	0.4075	4.37323e+06
5.325	0.4125	1.99787e+06
5.325	0.4175	2.76287e+06
5.325	0.4225	5.54224e+06
5.325	0.4275	3.04054e+06
5.325	0.4325	4.37221e+06
5.325	0.4375	3.55189e+06
5.325	0.4425	2.19995e+06
5.325	0.4475	2.53584e+06
5.325	0.4525	3.20051e+06
5.325	0.4575	2.41271e+06
5.325	0.4625	3.66766e+06
5.325	0.4675	3.12683e+06
5.325	0.4725	2.39975e+06
5.325	0.4775	3.63188e+06
5.325	0.4825	2.47089e+06
5.325	0.4875	2.48438e+06
5.325	0.4925	2.9478e+06
5.325	0.4975	1.02933e+06
5.325	0.5025	1.27068e+06
5.325	0.5075	1.8959e+06
5.325	0.5125	2.48003e+06
5.325	0.5175	677719
5.325	0.5225	1.8905e+06
5.325	0.5275	802220
5.325	0.5325	671890
5.325	0.5375	1.46786e+06
5.325	0.5425	722038
5.325	0.5475	1.52931e+06
5.325	0.5525	675978
5.325	0.5575	470126
5.325	0.5625	543895
5.325	0.5675	223332
5.325	0.5725	141739
5.325	0.5775	167085
5.325	0.5825	437102
5.325	0.5875	446205
5.325	0.5925	201514
5.325	0.5975	75080.1
5.325	0.6025	16279
5.325	0.6125	15072.6
5.325	0.6175	37758.5
5.325	0.6225	41260.1
5.325	0.6275	7495.97
5.375	0.3825	1.86796e+06
5.375	0.3875	3.59445e+06
5.375	0.3925	7.65061e+06
5.375	0.3975	5.84952e+06
5.375	0.4025	4.61941e+06
5.375	0.4075	5.18538e+06
5.375	0.4125	3.21931e+06
5.375	0.4175	3.54883e+06
5.375	0.4225	3.06898e+06
5.375	0.4275	3.1698e+06
5.375	0.4325	2.88935e+06
5.375	0.4375	4.5605e+06
5.375	0.4425	2.94559e+06
5.375	0.4475	2.73237e+06
5.375	0.4525	2.23885e+06
5.375	0.4575	3.08321e+06
5.375	0.4625	2.45101e+06
5.375	0.4675	1.45164e+06
5.375	0.4725	3.26069e+06
5.375	0.4775	2.30461e+06
5.375	0.4825	2.05047e+06
5.375	0.4875	3.04396e+06
5.375	0.4925	4.08117e+06
5.375	0.4975	1.88831e+06
5.375	0.5025	1.83805e+06
5.375	0.5075	968797
5.375	0.5125	2.08203e+06
5.375	0.5175	1.83634e+06
5.375	0.5225	217023
5.375	0.5275	827183
5.375	0.5325	973675
5.375	0.5375	854702
5.375	0.5425	1.04644e+06
5.375	0.5475	1.23729e+06
5.375	0.5525	556381
5.375	0.5575	1.0426e+06
5.375	0.5625	365276
5.375	0.5675	289215
5.375	0.5725	462307
5.375	0.5775	420017
5.375	0.5825	543114
5.375	0.5875	237527
5.375	0.5925	553644
5.375	0.5975	440867
5.375	0.6025	317858
5.375	0.6075	383459
5.375	0.6125	223878
5.375	0.6175	28935.7
5.375	0.6225	9088.65
5.375	0.6275	3718.55
5.425	0.3875	4.47135e+06
5.425	0.3925	4.86731e+06
5.425	0.3975	4.05211e+06
5.425	0.4025	3.00419e+06
5.425	0.4075	3.78806e+06
5.425	0.4125	2.7815e+06
5.425	0.4175	3.51057e+06
5.425	0.4225	4.38818e+06
5.425	0.4275	2.18343e+06
5.425	0.4325	3.30748e+06
5.425	0.4375	4.37727e+06
5.425	0.4425	1.8338e+06
5.425	0.4475	1.81504e+06
5.425	0.4525	2.29422e+06
5.425	0.4575	2.67968e+06
5.425	0.4625	2.17547e+06
5.425	0.4675	4.97264e+06
5.425	0.4725	4.04426e+06
5.425	0.4775	3.69539e+06
5.425	0.4825	1.36352e+06
5.425	0.4875	1.6739e+06
5.425	0.4925	1.47224e+06
5.425	0.4975	3.03835e+06
5.425	0.5025	2.84497e+06
5.425	0.5075	1.66112e+06
5.425	0.5125	2.2599e+06
5.425	0.5175	1.68843e+06
5.425	0.5225	966701
5.425	0.5275	831803
5.425	0.5325	839139
5.425	0.5375	1.10249e+06
5.425	0.5425	575817
5.425	0.5475	604517
5.425	0.5525	1.05271e+06
5.425	0.5575	654599
5.425	0.5625	1.16791e+06
5.425	0.5675	709374
5.425	0.5725	594763
5.425	0.5775	642951
5.425	0.5825	710016
5.425	0.5875	238562
5.425	0.5925	246212
5.425	0.5975	632275
5.425	0.6025	414565
5.425	0.6075	207312
5.425	0.6125	150117
5.425	0.6175	240137
5.425	0.6225	179608
5.425	0.6275	52859
5.475	0.3875	757672
5.475	0.3925	3.77979e+06
5.475	0.3975	2.59139e+06
5.475	0.4025	3.10899e+06
5.475	0.4075	4.3316e+06
5.475	0.4125	2.42328e+06
5.475	0.4175	2.29322e+06
5.475	0.4225	3.06679e+06
5.475	0.4275	2.85669e+06
5.475	0.4325	3.61656e+06
5.475	0.4375	3.04897e+06
5.475	0.4425	3.31323e+06
5.475	0.4475	4.09344e+06
5.475	0.4525	1.80017e+06
5.475	0.4575	3.05688e+06
5.475	0.4625	2.2631e+06
5.475	0.4675	1.92516e+06
5.475	0.4725	3.28236e+06
5.475	0.4775	2.17344e+06
5.475	0.4825	5.11646e+06
5.475	0.4875	2.52827e+06
5.475	0.4925	2.40568e+06
5.475	0.4975	2.96182e+06
5.475	0.5025	3.0763e+06
5.475	0.5075	1.55905e+06
5.475	0.5125	2.4103e+06
5.475	0.5175	2.3339e+06
5.475	0.5225	1.17528e+06
5.475	0.5275	970398
5.475	0.5325	1.74136e+06
5.475	0.5375	2.03188e+06
5.475	0.5425	1.11964e+06
5.475	0.5475	1.78206e+06
5.475	0.5525	1.81124e+06
5.475	0.5575	1.29353e+06
5.475	0.5625	1.10496e+06
5.475	0.5675	862454
5.475	0.5725	1.22141e+06
5.475	0.5775	1.13611e+06
5.475	0.5825	369363
5.475	0.5875	877370
5.475	0.5925	487080
5.475	0.5975	416993
5.475	0.6025	449917
5.475	0.6075	296967
5.475	0.6125	255533
5.475	0.6175	206672
5.475	0.6225	136032
5.475	0.6275	123097
5.475	0.6325	168093
5.475	0.6375	56598.5
5.525	0.3925	1.87422e+06
5.525	0.3975	2.81168e+06
5.525	0.4025	3.15304e+06
5.525	0.4075	3.84298e+06
5.525	0.4125	3.58618e+06
5.525	0.4175	3.22022e+06
5.525	0.4225	2.20461e+06
5.525	0.4275	2.50718e+06
5.525	0.4325	3.61388e+06
5.525	0.4375	3.39854e+06
5.525	0.4425	2.60084e+06
5.525	0.4475	2.9813e+06
5.525	0.4525	2.40579e+06
5.525	0.4575	1.69777e+06
5.525	0.4625	1.9286e+06
5.525	0.4675	2.73225e+06
5.525	0.4725	2.58375e+06
5.525	0.4775	2.01779e+06
5.525	0.4825	4.08341e+06
5.525	0.4875	1.80554e+06
5.525	0.4925	2.03373e+06
5.525	0.4975	1.26937e+06
5.525	0.5025	2.14397e+06
5.525	0.5075	1.56053e+06
5.525	0.5125	1.97998e+06
5.525	0.5175	1.84884e+06
5.525	0.5225	748056
5.525	0.5275	2.46507e+06
5.525	0.5325	1.39956e+06
5.525	0.5375	1.05981e+06
5.525	0.5425	1.89162e+06
5.525	0.5475	1.50076e+06
5.525	0.5525	1.30113e+06
5.525	0.5575	299796
5.525	0.5625	1.26821e+06
5.525	0.5675	1.12654e+06
5.525	0.5725	704204
5.525	0.5775	372246
5.525	0.5825	296964
5.525	0.5875	464802
5.525	0.5925	871077
5.525	0.5975	608386
5.525	0.6025	296491
5.525	0.6075	241924
5.525	0.6125	111257
5.525	0.6175	243185
5.525	0.6225	149936
5.525	0.6275	237224
5.525	0.6325	106682
5.525	0.6375	49234.6
5.575	0.3925	184228
5.575	0.3975	3.01767e+06
5.575	0.4025	3.47931e+06
5.575	0.4075	2.92875e+06
5.575	0.4125	4.01913e+06
5.575	0.4175	2.55081e+06
5.575	0.4225	2.34161e+06
5.575	0.4275	2.14548e+06
5.575	0.4325	1.73197e+06
5.575	0.4375	2.60628e+06
5.575	0.4425	1.51324e+06
5.575	0.4475	2.36424e+06
5.575	0.4525	2.50936e+06
5.575	0.4575	2.60921e+06
5.575	0.4625	3.28849e+06
5.575	0.4675	1.58442e+06
5.575	0.4725	3.37309e+06
5.575	0.4775	1.4936e+06
5.575	0.4825	2.03323e+06
5.575	0.4875	1.74432e+06
5.575	0.4925	1.19345e+06
5.575	0.4975	1.39412e+06
5.575	0.5025	1.45828e+06
5.575	0.5075	2.5558e+06
5.575	0.5125	2.47299e+06
5.575	0.5175	1.74029e+06
5.575	0.5225	1.43308e+06
5.575	0.5275	1.23597e+06
5.575	0.5325	1.73231e+06
5.575	0.5375	2.24195e+06
5.575	0.5425	1.63563e+06
5.575	0.5475	986728
5.575	0.5525	1.65239e+06
5.575	0.5575	1.53954e+06
5.575	0.5625	1.72492e+06
5.575	0.5675	1.17878e+06
5.575	0.5725	648343
5.575	0.5775	258076
5.575	0.5825	562042
5.575	0.5875	565018
5.575	0.5925	934153
5.575	0.5975	260784
5.575	0.6025	852178
5.575	0.6075	481982
5.575	0.6125	241197
5.575	0.6175	475547
5.575	0.6225	89385.9
5.575	0.6275	287592
5.575	0.6325	453565
5.575	0.6375	337815
5.575	0.6425	107127
5.625	0.3975	348911
5.625	0.4025	2.4739e+06
5.625	0.4075	2.51279e+06
5.625	0.4125	2.7342e+06
5.625	0.4175	5.34083e+06
5.625	0.4225	4.77234e+06
5.625	0.4275	3.6152e+06
5.625	0.4325	3.65773e+06
5.625	0.4375	2.14634e+06
5.625	0.4425	1.74241e+06
5.625	0.4475	3.15825e+06
5.625	0.4525	2.30164e+06
5.625	0.4575	1.9382e+06
5.625	0.4625	1.202e+06
5.625	0.4675	2.17749e+06
5.625	0.4725	2.98316e+06
5.625	0.4775	2.46225e+06
5.625	0.4825	2.45593e+06
5.625	0.4875	1.64708e+06
5.625	0.4925	1.67267e+06
5.625	0.4975	1.84555e+06
5.625	0.5025	474300
5.625	0.5075	1.60403e+06
5.625	0.5125	1.45779e+06
5.625	0.5175	2.74065e+06
5.625	0.5225	1.9234e+06
5.625	0.5275	1.89438e+06
5.625	0.5325	1.09485e+06
5.625	0.5375	2.44338e+06
5.625	0.5425	1.25762e+06
5.625	0.5475	1.93969e+06
5.625	0.5525	1.2943e+06
5.625	0.5575	1.04616e+06
5.625	0.5625	578950
5.625	0.5675	982138
5.625	0.5725	611620
5.625	0.5775	1.20005e+06
5.625	0.5825	1.11955e+06
5.625	0.5875	701790
5.625	0.5925	1.07463e+06
5.625	0.5975	660386
5.625	0.6025	131438
5.625	0.6075	960168
5.625	0.6125	243438
5.625	0.6175	348478
5.625	0.6225	600573
5.625	0.6275	256326
5.625	0.6325	175218
5.625	0.6375	65909.8
5.625	0.6425	157618
5.675	0.4025	1.02836e+06
5.675	0.4075	3.61858e+06
5.675	0.4125	2.98196e+06
5.675	0.4175	3.04994e+06
5.675	0.4225	3.74832e+06
5.675	0.4275	3.40078e+06
5.675	0.4325	2.74596e+06
5.675	0.4375	3.69243e+06
5.675	0.4425	3.03443e+06
5.675	0.4475	2.46928e+06
5.675	0.4525	3.12076e+06
5.675	0.4575	2.42667e+06
5.675	0.4625	1.04394e+06
5.675	0.4675	3.89346e+06
5.675	0.4725	2.89896e+06
5.675	0.4775	2.09056e+06
5.675	0.4825	1.78743e+06
5.675	0.4875	3.14582e+06
5.675	0.4925	2.41441e+06
5.675	0.4975	1.56381e+06
5.675	0.5025	3.27689e+06
5.675	0.5075	1.85794e+06
5.675	0.5125	1.97472e+06
5.675	0.5175	1.03225e+06
5.675	0.5225	451639
5.675	0.5275	1.1904e+06
5.675	0.5325	1.63347e+06
5.675	0.5375	1.33524e+06
5.675	0.5425	868067
5.675	0.5475	234894
5.675	0.5525	857259
5.675	0.5575	1.04056e+06
5.675	0.5625	942167
5.675	0.5675	514725
5.675	0.5725	1.46803e+06
5.675	0.5775	1.28028e+06
5.675	0.5825	1.51621e+06
5.675	0.5875	1.44373e+06
5.675	0.5925	897130
5.675	0.5975	728623
5.675	0.6025	1.09424e+06
5.675	0.6075	1.00904e+06
5.675	0.6125	404751
5.675	0.6175	413516
5.675	0.6225	555961
5.675	0.6275	98876.4
5.675	0.6325	600254
5.675	0.6375	247900
5.675	0.6425	295281
5.675	0.6475	49152.1
5.725	0.4075	1.71947e+06
5.725	0.4125	4.63757e+06
5.725	0.4175	3.51686e+06
5.725	0.4225	3.46484e+06
5.725	0.4275	2.78566e+06
5.725	0.4325	3.94684e+06
5.725	0.4375	2.71002e+06
5.725	0.4425	2.58673e+06
5.725	0.4475	2.60088e+06
5.725	0.4525	2.92131e+06
5.725	0.4575	3.24184e+06
5.725	0.4625	2.60174e+06
5.725	0.4675	1.84493e+06
5.725	0.4725	3.17682e+06
5.725	0.4775	2.13758e+06
5.725	0.4825	2.48586e+06
5.725	0.4875	844585
5.725	0.4925	656203
5.725	0.4975	3.18403e+06
5.725	0.5025	1.69456e+06
5.725	0.5075	1.59736e+06
5.725	0.5125	645047
5.725	0.5175	1.90536e+06
5.725	0.5225	1.91312e+06
5.725	0.5275	1.09221e+06
5.725	0.5325	2.00369e+06
5.725	0.5375	1.93318e+06
5.725	0.5425	1.001e+06
5.725	0.5475	1.15125e+06
5.725	0.5525	1.57247e+06
5.725	0.5575	1.86101e+06
5.725	0.5625	1.41386e+06
5.725	0.5675	2.07509e+06
5.725	0.5725	881109
5.725	0.5775	1.47212e+06
5.725	0.5825	696085
5.725	0.5875	524054
5.725	0.5925	1.06863e+06
5.725	0.5975	160546
5.725	0.6025	941244
5.725	0.6075	424624
5.725	0.6125	827847
5.725	0.6175	628897
5.725	0.6225	1.42075e+06
5.725	0.6275	223734
5.725	0.6325	207814
5.725	0.6375	638610
5.725	0.6425	284909
5.775	0.4075	161675
5.775	0.4125	2.96008e+06
5.775	0.4175	3.41339e+06
5.775	0.4225	4.23197e+06
5.775	0.4275	2.81542e+06
5.775	0.4325	1.81121e+06
5.775	0.4375	3.06053e+06
5.775	0.4425	3.42583e+06
5.775	0.4475	2.68765e+06
5.775	0.4525	1.49739e+06
5.775	0.4575	2.46019e+06
5.775	0.4625	2.51378e+06
5.775	0.4675	2.13969e+06
5.775	0.4725	2.54033e+06
5.775	0.4775	1.31228e+06
5.775	0.4825	1.1851e+06
5.775	0.4875	2.6394e+06
5.775	0.4925	1.64523e+06
5.775	0.4975	1.2261e+06
5.775	0.5025	1.47621e+06
5.775	0.5075	2.14363e+06
5.775	0.5125	2.4946e+06
5.775	0.5175	2.08843e+06
5.775	0.5225	1.44054e+06
5.775	0.5275	1.65439e+06
5.775	0.5325	1.45789e+06
5.775	0.5375	1.6722e+06
5.775	0.5425	2.51787e+06
5.775	0.5475	1.45253e+06
5.775	0.5525	1.29571e+06
5.775	0.5575	889112
5.775	0.5625	600011
5.775	0.5675	944584
5.775	0.5725	1.1828e+06
5.775	0.5775	2.18117e+06
5.775	0.5825	1.03216e+06
5.775	0.5875	489545
5.775	0.5925	1.18606e+06
5.775	0.5975	1.30087e+06
5.775	0.6025	966031
5.775	0.6075	664357
5.775	0.6125	908821
5.775	0.6175	554876
5.775	0.6225	488658
5.775	0.6275	216788
5.775	0.6325	280063
5.775	0.6375	393691
5.775	0.6425	619886
5.775	0.6475	191330
5.825	0.4125	164976
5.825	0.4175	2.84884e+06
5.825	0.4225	3.05248e+06
5.825	0.4275	2.03005e+06
5.825	0.4325	4.39504e+06
5.825	0.4375	1.89544e+06
5.825	0.4425	3.39909e+06
5.825	0.4475	2.00857e+06
5.825	0.4525	1.50955e+06
5.825	0.4575	1.96899e+06
5.825	0.4625	2.16284e+06
5.825	0.4675	1.74845e+06
5.825	0.4725	2.62264e+06
5.825	0.4775	2.27268e+06
5.825	0.4825	1.68681e+06
5.825	0.4875	1.60641e+06
5.825	0.4925	1.86907e+06
5.825	0.4975	2.55946e+06
5.825	0.5025	1.42423e+06
5.825	0.5075	1.78696e+06
5.825	0.5125	2.40735e+06
5.825	0.5175	600679
5.825	0.5225	1.62917e+06
5.825	0.5275	1.57177e+06
5.825	0.5325	2.23374e+06
5.825	0.5375	1.80882e+06
5.825	0.5425	847343
5.825	0.5475	982318
5.825	0.5525	558277
5.825	0.5575	412794
5.825	0.5625	1.22322e+06
5.825	0.5675	2.14886e+06
5.825	0.5725	1.66998e+06
5.825	0.5775	400900
5.825	0.5825	616642
5.825	0.5875	548300
5.825	0.5925	166243
5.825	0.5975	647071
5.825	0.6025	1.48358e+06
5.825	0.6075	663772
5.825	0.6125	809540
5.825	0.6175	499721
5.825	0.6225	968028
5.825	0.6275	795106
5.825	0.6325	492120
5.825	0.6375	834254
5.825	0.6425	301322
5.825	0.6475	276125
5.825	0.6525	235527
5.875	0.4175	1.25443e+06
5.875	0.4225	2.56221e+06
5.875	0.4275	3.24939e+06
5.875	0.4325	1.91949e+06
5.875	0.4375	2.62914e+06
5.875	0.4425	2.5785e+06
5.875	0.4475	3.10864e+06
5.875	0.4525	1.05817e+06
5.875	0.4575	2.49508e+06
5.875	0.4625	1.79989e+06
5.875	0.4675	2.47475e+06
5.875	0.4725	2.20045e+06
5.875	0.4775	2.2367e+06
5.875	0.4825	2.3285e+06
5.875	0.4875	1.08644e+06
5.875	0.4925	2.06485e+06
5.875	0.4975	789838
5.875	0.5025	2.23693e+06
5.875	0.5075	1.97944e+06
5.875	0.5125	1.74194e+06
5.875	0.5175	1.30053e+06
5.875	0.5225	1.12744e+06
5.875	0.5275	1.56085e+06
5.875	0.5325	836821
5.875	0.5375	1.55114e+06
5.875	0.5425	1.20537e+06
5.875	0.5475	1.00724e+06
5.875	0.5525	1.56719e+06
5.875	0.5575	1.48616e+06
5.875	0.5625	1.76238e+06
5.875	0.5675	996017
5.875	0.5725	1.29706e+06
5.875	0.5775	701275
5.875	0.5825	341583
5.875	0.5875	707321
5.875	0.5925	1.49745e+06
5.875	0.5975	487141
5.875	0.6025	931894
5.875	0.6075	822657
5.875	0.6125	596577
5.875	0.6175	459796
5.875	0.6225	949242
5.875	0.6275	763950
5.875	0.6325	947043
5.875	0.6375	671640
5.875	0.6425	293914
5.875	0.6475	564706
5.875	0.6525	191258
5.925	0.4225	1.7408e+06
5.925	0.4275	2.0905e+06
5.925	0.4325	2.05021e+06
5.925	0.4375	2.53474e+06
5.925	0.4425	2.09701e+06
5.925	0.4475	2.27474e+06
5.925	0.4525	3.0392e+06
5.925	0.4575	1.16116e+06
5.925	0.4625	2.44507e+06
5.925	0.4675	1.70463e+06
5.925	0.4725	1.57674e+06
5.925	0.4775	1.59698e+06
5.925	0.4825	1.63112e+06
5.925	0.4875	674462
5.925	0.4925	1.64837e+06
5.925	0.4975	1.82207e+06
5.925	0.5025	1.6257e+06
5.925	0.5075	1.99317e+06
5.925	0.5125	1.84958e+06
5.925	0.5175	2.04052e+06
5.925	0.5225	1.57917e+06
5.925	0.5275	1.46911e+06
5.925	0.5325	2.04212e+06
5.925	0.5375	1.35131e+06
5.925	0.5425	778369
5.925	0.5475	967113
5.925	0.5525	1.13694e+06
5.925	0.5575	1.2468e+06
5.925	0.5625	1.21672e+06
5.925	0.5675	557219
5.925	0.5725	1.4738e+06
5.925	0.5775	1.60762e+06
5.925	0.5825	655844
5.925	0.5875	863574
5.925	0.5925	727558
5.925	0.5975	1.21487e+06
5.925	0.6025	845955
5.925	0.6075	304594
5.925	0.6125	883310
5.925	0.6175	425697
5.925	0.6225	994920
5.925	0.6325	729116
5.925	0.6375	1.11474e+06
5.925	0.6425	622460
5.925	0.6475	696728
5.925	0.6525	293921
5.925	0.6575	119785
5.975	0.4225	295774
5.975	0.4275	1.96337e+06
5.975	0.4325	2.29153e+06
5.975	0.4375	2.51857e+06
5.975	0.4425	2.7402e+06
5.975	0.4475	3.08614e+06
5.975	0.4525	3.93853e+06
5.975	0.4575	2.14405e+06
5.975	0.4625	2.83561e+06
5.975	0.4675	2.90776e+06
5.975	0.4725	1.47368e+06
5.975	0.4775	1.23229e+06
5.975	0.4825	1.70208e+06
5.975	0.4875	880723
5.975	0.4925	1.03336e+06
5.975	0.4975	2.05416e+06
5.975	0.5025	1.76283e+06
5.975	0.5075	2.28217e+06
5.975	0.5125	1.77727e+06
5.975	0.5175	1.98558e+06
5.975	0.5225	694471
5.975	0.5275	2.00134e+06
5.975	0.5325	900381
5.975	0.5375	1.22142e+06
5.975	0.5425	195661
5.975	0.5475	725140
5.975	0.5525	1.60132e+06
5.975	0.5575	1.05875e+06
5.975	0.5625	1.06288e+06
5.975	0.5675	1.00633e+06
5.975	0.5725	1.26506e+06
5.975	0.5775	1.21739e+06
5.975	0.5825	1.37803e+06
5.975	0.5875	325255
5.975	0.5925	614922
5.975	0.5975	885399
5.975	0.6025	1.02478e+06
5.975	0.6075	990012
5.975	0.6125	1.03789e+06
5.975	0.6175	689670
5.975	0.6225	1.10926e+06
5.975	0.6275	1.45653e+06
5.975	0.6325	953232
5.975	0.6375	1.09759e+06
5.975	0.6425	268080
5.975	0.6475	750243
5.975	0.6525	367199
5.975	0.6575	630284
6.025	0.4275	515665
6.025	0.4325	2.78704e+06
6.025	0.4375	2.79422e+06
6.025	0.4425	2.88038e+06
6.025	0.4475	1.501e+06
6.025	0.4525	2.03072e+06
6.025	0.4575	1.75648e+06
6.025	0.4625	3.24784e+06
6.025	0.4675	2.78437e+06
6.025	0.4725	1.4309e+06
6.025	0.4775	2.05888e+06
6.025	0.4825	1.30734e+06
6.025	0.4875	1.98287e+06
6.025	0.4925	2.1004e+06
6.025	0.4975	2.74027e+06
6.025	0.5025	997608
6.025	0.5075	1.33915e+06
6.025	0.5125	1.18923e+06
6.025	0.5175	1.34796e+06
6.025	0.5225	2.36752e+06
6.025	0.5275	1.21764e+06
6.025	0.5325	1.20631e+06
6.025	0.5375	663753
6.025	0.5425	1.1994e+06
6.025	0.5475	1.229e+06
6.025	0.5525	2.03807e+06
6.025	0.5575	972253
6.025	0.5625	803393
6.025	0.5675	831214
6.025	0.5725	1.74609e+06
6.025	0.5775	2.31619e+06
6.025	0.5825	323724
6.025	0.5875	483518
6.025	0.5925	632674
6.025	0.5975	1.30534e+06
6.025	0.6025	662810
6.025	0.6075	962209
6.025	0.6125	1.14501e+06
6.025	0.6175	690023
6.025	0.6225	1.73559e+06
6.025	0.6275	926404
6.025	0.6325	844994
6.025	0.6375	631877
6.025	0.6425	512565
6.025	0.6475	384308
6.025	0.6525	679473
6.025	0.6575	343986
6.075	0.4325	1.16272e+06
6.075	0.4375	2.89532e+06
6.075	0.4425	2.47604e+06
6.075	0.4475	2.20287e+06
6.075	0.4525	1.86228e+06
6.075	0.4575	1.69404e+06
6.075	0.4625	2.37511e+06
6.075	0.4675	1.39598e+06
6.075	0.4725	893238
6.075	0.4775	1.84816e+06
6.075	0.4825	2.53665e+06
6.075	0.4875	3.12931e+06
6.075	0.4925	2.41025e+06
6.075	0.4975	1.73524e+06
6.075	0.5025	1.83495e+06
6.075	0.5075	2.11613e+06
6.075	0.5125	1.4477e+06
6.075	0.5175	2.67699e+06
6.075	0.5225	1.7625e+06
6.075	0.5275	1.82177e+06
6.075	0.5325	1.33773e+06
6.075	0.5375	1.63839e+06
6.075	0.5425	1.00394e+06
6.075	0.5475	1.94863e+06
6.075	0.5525	1.79854e+06
6.075	0.5575	1.94914e+06
6.075	0.5625	2.01318e+06
6.075	0.5675	1.23426e+06
6.075	0.5725	939087
6.075	0.5775	1.6014e+06
6.075	0.5825	1.49037e+06
6.075	0.5875	1.27944e+06
6.075	0.5925	791366
6.075	0.5975	1.09099e+06
6.075	0.6025	936530
6.075	0.6075	912535
6.075	0.6125	629875
6.075	0.6175	1.05052e+06
6.075	0.6225	924763
6.075	0.6275	768347
6.075	0.6325	1.09817e+06
6.075	0.6375	614259
6.075	0.6425	660289
6.075	0.6475	264344
6.075	0.6525	605796
6.075	0.6575	227959
6.075	0.6625	107689
6.125	0.4325	247735
6.125	0.4375	2.68211e+06
6.125	0.4425	2.80468e+06
6.125	0.4475	2.65248e+06
6.125	0.4525	1.87927e+06
6.125	0.4575	1.77283e+06
6.125	0.4625	1.50181e+06
6.125	0.4675	1.36299e+06
6.125	0.4725	2.56102e+06
6.125	0.4775	1.30196e+06
6.125	0.4825	1.4491e+06
6.125	0.4875	1.56669e+06
6.125	0.4925	2.35772e+06
6.125	0.4975	1.4266e+06
6.125	0.5025	1.8147e+06
6.125	0.5075	1.27894e+06
6.125	0.5125	1.37026e+06
6.125	0.5175	1.58032e+06
6.125	0.5225	1.70611e+06
6.125	0.5275	1.73237e+06
6.125	0.5325	1.3257e+06
6.125	0.5375	814867
6.125	0.5425	2.08063e+06
6.125	0.5475	791352
6.125	0.5525	491852
6.125	0.5575	1.32142e+06
6.125	0.5625	1.24464e+06
6.125	0.5675	1.35815e+06
6.125	0.5725	1.23998e+06
6.125	0.5775	892529
6.125	0.5825	1.72551e+06
6.125	0.5875	1.04451e+06
6.125	0.5925	609695
6.125	0.5975	1.04206e+06
6.125	0.6025	609877
6.125	0.6075	580046
6.125	0.6125	774373
6.125	0.6175	1.03259e+06
6.125	0.6225	982782
6.125	0.6275	1.04583e+06
6.125	0.6325	566948
6.125	0.6375	719308
6.125	0.6425	1.40154e+06
6.125	0.6475	277776
6.125	0.6525	251782
6.125	0.6575	337424
6.125	0.6625	224185
6.175	0.4375	365654
6.175	0.4425	1.61873e+06
6.175	0.4475	1.89168e+06
6.175	0.4525	2.02353e+06
6.175	0.4575	927272
6.175	0.4625	2.49691e+06
6.175	0.4675	1.90224e+06
6.175	0.4725	1.65765e+06
6.175	0.4775	1.56495e+06
6.175	0.4825	1.94428e+06
6.175	0.4875	1.28663e+06
6.175	0.4925	1.67811e+06
6.175	0.4975	1.70245e+06
6.175	0.5025	1.98647e+06
6.175	0.5075	1.72132e+06
6.175	0.5125	777299
6.175	0.5175	1.45979e+06
6.175	0.5225	1.96644e+06
6.175	0.5275	1.82073e+06
6.175	0.5325	606646
6.175	0.5375	903154
6.175	0.5425	1.74024e+06
6.175	0.5475	1.37158e+06
6.175	0.5525	1.20967e+06
6.175	0.5575	322104
6.175	0.5625	1.07314e+06
6.175	0.5675	1.53682e+06
6.175	0.5725	1.07926e+06
6.175	0.5775	895936
6.175	0.5825	434973
6.175	0.5875	718440
6.175	0.5925	857513
6.175	0.5975	848840
6.175	0.6025	848988
6.175	0.6075	747764
6.175	0.6125	971829
6.175	0.6175	860056
6.175	0.6225	411404
6.175	0.6275	1.36625e+06
6.175	0.6325	855292
6.175	0.6375	906013
6.175	0.6425	837245
6.175	0.6475	1.09914e+06
6.175	0.6525	745916
6.175	0.6575	780512
6.175	0.6625	376663
6.225	0.4425	905677
6.225	0.4475	3.14815e+06
6.225	0.4525	1.61639e+06
6.225	0.4575	1.72302e+06
6.225	0.4625	2.84423e+06
6.225	0.4675	1.54814e+06
6.225	0.4725	1.41575e+06
6.225	0.4775	2.27477e+06
6.225	0.4825	1.88149e+06
6.225	0.4875	2.52754e+06
6.225	0.4925	1.77958e+06
6.225	0.4975	1.63469e+06
6.225	0.5025	1.38356e+06
6.225	0.5075	1.60074e+06
6.225	0.5125	1.07262e+06
6.225	0.5175	1.76012e+06
6.225	0.5225	1.16446e+06
6.225	0.5275	1.48415e+06
6.225	0.5325	1.60035e+06
6.225	0.5375	697540
6.225	0.5425	1.92306e+06
6.225	0.5475	1.30878e+06
6.225	0.5525	2.65275e+06
6.225	0.5575	785496
6.225	0.5625	1.29692e+06
6.225	0.5675	1.07251e+06
6.225	0.5725	845841
6.225	0.5775	981948
6.225	0.5825	694611
6.225	0.5875	679606
6.225	0.5925	549790
6.225	0.5975	933121
6.225	0.6025	671235
6.225	0.6075	271432
6.225	0.6125	556131
6.225	0.6175	1.07037e+06
6.225	0.6225	544874
6.225	0.6275	928455
6.225	0.6325	533744
6.225	0.6375	414610
6.225	0.6425	254402
6.225	0.6475	398814
6.225	0.6525	249654
6.225	0.6575	497144
6.225	0.6625	249544
6.275	0.4475	1.04852e+06
6.275	0.4525	2.15192e+06
6.275	0.4575	2.6573e+06
6.275	0.4625	1.44174e+06
6.275	0.4675	999782
6.275	0.4725	2.47945e+06
6.275	0.4775	1.79165e+06
6.275	0.4825	1.43675e+06
6.275	0.4875	1.53107e+06
6.275	0.4925	1.48817e+06
6.275	0.4975	1.48937e+06
6.275	0.5025	1.96269e+06
6.275	0.5075	1.03128e+06
6.275	0.5125	1.14585e+06
6.275	0.5175	1.52253e+06
6.275	0.5225	841281
6.275	0.5275	1.25703e+06
6.275	0.5325	1.28423e+06
6.275	0.5375	1.50502e+06
6.275	0.5425	1.61689e+06
6.275	0.5475	839198
6.275	0.5525	1.24507e+06
6.275	0.5575	1.27342e+06
6.275	0.5625	695161
6.275	0.5675	1.15368e+06
6.275	0.5725	968897
6.275	0.5775	549373
6.275	0.5825	912365
6.275	0.5875	1.17777e+06
6.275	0.5925	908176
6.275	0.5975	815187
6.275	0.6025	1.13874e+06
6.275	0.6075	1.31454e+06
6.275	0.6125	539244
6.275	0.6175	1.18757e+06
6.275	0.6225	515257
6.275	0.6275	1.04083e+06
6.275	0.6325	1.37309e+06
6.275	0.6375	648251
6.275	0.6425	705271
6.275	0.6475	501064
6.275	0.6525	387272
6.275	0.6575	613388
6.275	0.6625	452954
6.275	0.6675	449703
6.325	0.4475	300189
6.325	0.4525	1.97727e+06
6.325	0.4575	2.24242e+06
6.325	0.4625	2.19929e+06
6.325	0.4675	2.00865e+06
6.325	0.4725	1.91987e+06
6.325	0.4775	986920
6.325	0.4825	1.60869e+06
6.325	0.4875	1.27031e+06
6.325	0.4925	1.41959e+06
6.325	0.4975	1.72067e+06
6.325	0.5025	2.09067e+06
6.325	0.5075	500519
6.325	0.5125	1.25052e+06
6.325	0.5175	1.47404e+06
6.325	0.5225	2.34475e+06
6.325	0.5275	1.56155e+06
6.325	0.5325	2.17804e+06
6.325	0.5375	1.61647e+06
6.325	0.5425	1.33335e+06
6.325	0.5475	673940
6.325	0.5525	1.44251e+06
6.325	0.5575	708448
6.325	0.5625	1.35679e+06
6.325	0.5675	1.25618e+06
6.325	0.5725	1.10867e+06
6.325	0.5775	937037
6.325	0.5825	1.24221e+06
6.325	0.5875	658590
6.325	0.5925	896609
6.325	0.5975	890873
6.325	0.6025	126755
6.325	0.6075	621159
6.325	0.6125	382889
6.325	0.6175	366051
6.325	0.6225	1.12403e+06
6.325	0.6275	393921
6.325	0.6325	602707
6.325	0.6375	733829
6.325	0.6425	613253
6.325	0.6475	708765
6.325	0.6525	698614
6.325	0.6575	453601
6.325	0.6625	344784
6.325	0.6675	104773
6.375	0.4525	869782
6.375	0.4575	1.6983e+06
6.375	0.4625	2.37979e+06
6.375	0.4675	1.42321e+06
6.375	0.4725	1.16204e+06
6.375	0.4775	1.10655e+06
6.375	0.4825	2.24107e+06
6.375	0.4875	1.97725e+06
6.375	0.4925	1.84163e+06
6.375	0.4975	1.04237e+06
6.375	0.5025	648466
6.375	0.5075	1.40092e+06
6.375	0.5125	1.97165e+06
6.375	0.5175	1.388e+06
6.375	0.5225	1.02989e+06
6.375	0.5275	1.14638e+06
6.375	0.5325	893774
6.375	0.5375	1.02855e+06
6.375	0.5425	1.19577e+06
6.375	0.5475	1.14673e+06
6.375	0.5525	365807
6.375	0.5575	1.44141e+06
6.375	0.5625	1.27245e+06
6.375	0.5675	1.94092e+06
6.375	0.5725	742731
6.375	0.5775	905945
6.375	0.5825	1.93645e+06
6.375	0.5875	1.67381e+06
6.375	0.5925	1.35593e+06
6.375	0.5975	497541
6.375	0.6025	499525
6.375	0.6075	604536
6.375	0.6125	970924
6.375	0.6175	452338
6.375	0.6225	841383
6.375	0.6275	679490
6.375	0.6325	602276
6.375	0.6375	579199
6.375	0.6425	454950
6.375	0.6475	588886
6.375	0.6525	215159
6.375	0.6575	551268
6.375	0.6625	755757
6.375	0.6675	318010
6.425	0.4575	942233
6.425	0.4625	2.34204e+06
6.425	0.4675	2.17389e+06
6.425	0.4725	2.36356e+06
6.425	0.4775	1.4713e+06
6.425	0.4825	1.65361e+06
6.425	0.4875	1.75852e+06
6.425	0.4925	2.15132e+06
6.425	0.4975	1.85806e+06
6.425	0.5025	1.63304e+06
6.425	0.5075	1.24027e+06
6.425	0.5125	2.07899e+06
6.425	0.5175	711983
6.425	0.5225	1.08664e+06
6.425	0.5275	611374
6.425	0.5325	842116
6.425	0.5375	979194
6.425	0.5425	1.43965e+06
6.425	0.5475	1.49275e+06
6.425	0.5525	864371
6.425	0.5575	823364
6.425	0.5625	1.65458e+06
6.425	0.5675	704261
6.425	0.5725	606645
6.425	0.5775	923449
6.425	0.5825	501685
6.425	0.5875	981305
6.425	0.5925	886038
6.425	0.5975	360707
6.425	0.6025	769855
6.425	0.6075	681827
6.425	0.6125	460006
6.425	0.6175	998057
6.425	0.6225	762200
6.425	0.6325	1.48512e+06
6.425	0.6375	484334
6.425	0.6425	672018
6.425	0.6475	553027
6.425	0.6525	338621
6.425	0.6575	403292
6.425	0.6625	854639
6.425	0.6675	296015
6.425	0.6725	198379
6.475	0.4575	96526.8
6.475	0.4625	2.38496e+06
6.475	0.4675	1.1858e+06
6.475	0.4725	2.53364e+06
6.475	0.4775	1.5465e+06
6.475	0.4825	2.10996e+06
6.475	0.4875	1.69983e+06
6.475	0.4925	1.34754e+06
6.475	0.4975	987818
6.475	0.5025	2.25745e+06
6.475	0.5075	899126
6.475	0.5125	1.30461e+06
6.475	0.5175	1.03373e+06
6.475	0.5225	1.13633e+06
6.475	0.5275	729939
6.475	0.5325	1.42006e+06
6.475	0.5375	1.28248e+06
6.475	0.5425	941524
6.475	0.5475	1.1186e+06
6.475	0.5525	875060
6.475	0.5575	584010
6.475	0.5625	362502
6.475	0.5675	706808
6.475	0.5725	564819
6.475	0.5775	469590
6.475	0.5825	452927
6.475	0.5875	579500
6.475	0.5925	1.05253e+06
6.475	0.5975	1.16072e+06
6.475	0.6025	575400
6.475	0.6075	1.00761e+06
6.475	0.6125	977936
6.475	0.6175	876952
6.475	0.6225	431709
6.475	0.6275	660201
6.475	0.6325	435707
6.475	0.6375	230060
6.475	0.6425	350954
6.475	0.6475	743482
6.475	0.6525	834408
6.475	0.6575	950943
6.475	0.6625	618515
6.475	0.6675	898121
6.475	0.6725	470698
6.525	0.4625	519570
6.525	0.4675	1.43805e+06
6.525	0.4725	1.01677e+06
6.525	0.4775	820202
6.525	0.4825	1.86962e+06
6.525	0.4875	1.36578e+06
6.525	0.4925	1.28178e+06
6.525	0.4975	531265
6.525	0.5025	1.75014e+06
6.525	0.5075	1.18662e+06
6.525	0.5125	758029
6.525	0.5175	1.04378e+06
6.525	0.5225	1.65827e+06
6.525	0.5275	966586
6.525	0.5325	886329
6.525	0.5375	816836
6.525	0.5425	1.10864e+06
6.525	0.5475	1.21055e+06
6.525	0.5525	1.27863e+06
6.525	0.5575	653738
6.525	0.5625	562796
6.525	0.5675	1.38217e+06
6.525	0.5725	1.24246e+06
6.525	0.5775	432191
6.525	0.5825	1.10373e+06
6.525	0.5875	639478
6.525	0.5925	895166
6.525	0.5975	893020
6.525	0.6025	805842
6.525	0.6075	739622
6.525	0.6125	1.0906e+06
6.525	0.6175	709194
6.525	0.6225	437119
6.525	0.6275	1.18996e+06
6.525	0.6325	605492
6.525	0.6375	630463
6.525	0.6425	624387
6.525	0.6475	538085
6.525	0.6525	702564
6.525	0.6575	206544
6.525	0.6625	400512
6.525	0.6675	196691
6.525	0.6725	179787
6.525	0.6775	181351
6.575	0.4675	969036
6.575	0.4725	1.02405e+06
6.575	0.4775	785848
6.575	0.4825	771480
6.575	0.4875	1.46342e+06
6.575	0.4925	1.7024e+06
6.575	0.4975	1.1941e+06
6.575	0.5025	1.23446e+06
6.575	0.5075	1.21626e+06
6.575	0.5125	1.13095e+06
6.575	0.5175	1.29769e+06
6.575	0.5225	1.28013e+06
6.575	0.5275	1.85338e+06
6.575	0.5325	1.37936e+06
6.575	0.5375	1.20317e+06
6.575	0.5425	788469
6.575	0.5475	562490
6.575	0.5525	1.70517e+06
6.575	0.5575	451849
6.575	0.5625	1.34266e+06
6.575	0.5675	111716
6.575	0.5725	768081
6.575	0.5775	968198
6.575	0.5825	745344
6.575	0.5875	1.51034e+06
6.575	0.5925	310466
6.575	0.5975	1.08616e+06
6.575	0.6025	533456
6.575	0.6075	891213
6.575	0.6125	405843
6.575	0.6175	404263
6.575	0.6225	739209
6.575	0.6275	958916
6.575	0.6325	201951
6.575	0.6375	680160
6.575	0.6425	509106
6.575	0.6475	702441
6.575	0.6525	620426
6.575	0.6575	292063
6.575	0.6625	276670
6.575	0.6675	470978
6.575	0.6725	420770
6.575	0.6775	91460.9
6.625	0.4725	1.72865e+06
6.625	0.4775	1.96698e+06
6.625	0.4825	1.72241e+06
6.625	0.4875	1.17681e+06
6.625	0.4925	1.3763e+06
6.625	0.4975	1.14909e+06
6.625	0.5025	1.05779e+06
6.625	0.5075	766251
6.625	0.5125	987117
6.625	0.5175	1.68824e+06
6.625	0.5225	942213
6.625	0.5275	931602
6.625	0.5325	708657
6.625	0.5375	904923
6.625	0.5425	701378
6.625	0.5475	656109
6.625	0.5525	726430
6.625	0.5575	815338
6.625	0.5625	1.29064e+06
6.625	0.5675	318963
6.625	0.5725	535092
6.625	0.5775	624655
6.625	0.5825	1.24159e+06
6.625	0.5875	627802
6.625	0.5925	889118
6.625	0.5975	984302
6.625	0.6025	1.28603e+06
6.625	0.6075	1.23566e+06
6.625	0.6125	685379
6.625	0.6175	490959
6.625	0.6225	302933
6.625	0.6275	746962
6.625	0.6325	593983
6.625	0.6375	682511
6.625	0.6425	701960
6.625	0.6475	557448
6.625	0.6525	582133
6.625	0.6575	776800
6.625	0.6625	462243
6.625	0.6675	272598
6.625	0.6725	449456
6.625	0.6775	520216
6.675	0.4725	345021
6.675	0.4775	1.24395e+06
6.675	0.4825	1.24675e+06
6.675	0.4875	1.41497e+06
6.675	0.4925	1.4152e+06
6.675	0.4975	1.44412e+06
6.675	0.5025	1.40917e+06
6.675	0.5075	1.7933e+06
6.675	0.5125	1.25899e+06
6.675	0.5175	979717
6.675	0.5225	1.17013e+06
6.675	0.5275	2.28868e+06
6.675	0.5325	1.11364e+06
6.675	0.5375	595941
6.675	0.5425	1.46001e+06
6.675	0.5475	960610
6.675	0.5525	708393
6.675	0.5575	1.30394e+06
6.675	0.5625	1.13386e+06
6.675	0.5675	693500
6.675	0.5725	719761
6.675	0.5775	690984
6.675	0.5825	600723
6.675	0.5875	1.2556e+06
6.675	0.5925	502005
6.675	0.5975	568279
6.675	0.6025	480745
6.675	0.6075	505374
6.675	0.6125	596443
6.675	0.6175	964617
6.675	0.6225	385567
6.675	0.6275	489833
6.675	0.6325	372734
6.675	0.6375	756316
6.675	0.6425	751806
6.675	0.6475	378773
6.675	0.6525	705159
6.675	0.6575	598494
6.675	0.6625	267606
6.675	0.6675	346413
6.675	0.6725	509708
6.675	0.6775	94685.7
6.725	0.4775	939825
6.725	0.4825	1.50362e+06
6.725	0.4875	993478
6.725	0.4925	932359
6.725	0.4975	1.75292e+06
6.725	0.5025	1.13351e+06
6.725	0.5075	1.10428e+06
6.725	0.5125	1.26634e+06
6.725	0.5175	1.2934e+06
6.725	0.5225	770638
6.725	0.5275	671071
6.725	0.5325	521916
6.725	0.5375	764961
6.725	0.5425	687716
6.725	0.5475	1.11137e+06
6.725	0.5525	759284
6.725	0.5575	990608
6.725	0.5625	856238
6.725	0.5675	844006
6.725	0.5725	758775
6.725	0.5775	679129
6.725	0.5825	619421
6.725	0.5875	766666
6.725	0.5925	542690
6.725	0.5975	450176
6.725	0.6025	383617
6.725	0.6075	1.00416e+06
6.725	0.6125	479796
6.725	0.6175	656699
6.725	0.6225	984688
6.725	0.6275	344168
6.725	0.6325	423716
6.725	0.6375	758803
6.725	0.6425	540430
6.725	0.6475	540347
6.725	0.6525	96188.6
6.725	0.6575	162949
6.725	0.6625	168284
6.725	0.6675	709645
6.725	0.6725	411362
6.725	0.6775	166250
6.725	0.6825	366058
6.775	0.4825	820759
6.775	0.4875	822594
6.775	0.4925	1.21632e+06
6.775	0.4975	1.20076e+06
6.775	0.5025	919251
6.775	0.5075	1.53286e+06
6.775	0.5125	1.44995e+06
6.775	0.5175	646378
6.775	0.5225	1.14011e+06
6.775	0.5275	753816
6.775	0.5325	549460
6.775	0.5375	1.34881e+06
6.775	0.5425	1.31609e+06
6.775	0.5475	1.02209e+06
6.775	0.5525	560680
6.775	0.5575	576699
6.775	0.5625	964988
6.775	0.5675	1.20262e+06
6.775	0.5725	714334
6.775	0.5775	820806
6.775	0.5825	792801
6.775	0.5875	456007
6.775	0.5925	809265
6.775	0.5975	872433
6.775	0.6025	416524
6.775	0.6075	461424
6.775	0.6125	1.4166e+06
6.775	0.6175	288702
6.775	0.6225	686079
6.775	0.6275	522589
6.775	0.6325	246167
6.775	0.6375	176682
6.775	0.6425	582820
6.775	0.6475	431444
6.775	0.6525	436541
6.775	0.6575	341463
6.775	0.6625	235370
6.775	0.6675	77659.8
6.775	0.6725	475198
6.775	0.6775	460756
6.775	0.6825	601123
6.825	0.4875	775712
6.825	0.4925	1.1627e+06
6.825	0.4975	1.16982e+06
6.825	0.5025	929732
6.825	0.5075	834432
6.825	0.5125	784826
6.825	0.5175	1.226e+06
6.825	0.5225	1.41968e+06
6.825	0.5275	496819
6.825	0.5325	1.65187e+06
6.825	0.5375	362901
6.825	0.5425	720782
6.825	0.5475	915444
6.825	0.5525	686360
6.825	0.5575	815803
6.825	0.5625	777750
6.825	0.5675	1.00509e+06
6.825	0.5725	1.11198e+06
6.825	0.5775	716906
6.825	0.5825	791052
6.825	0.5875	318514
6.825	0.5925	859024
6.825	0.5975	512744
6.825	0.6025	362214
6.825	0.6075	485639
6.825	0.6125	720318
6.825	0.6175	448691
6.825	0.6225	530532
6.825	0.6275	333864
6.825	0.6325	744989
6.825	0.6375	150956
6.825	0.6425	249128
6.825	0.6475	485404
6.825	0.6525	572516
6.825	0.6575	979919
6.825	0.6625	415829
6.825	0.6675	380376
6.825	0.6725	416753
6.825	0.6775	217367
6.825	0.6825	562140
6.875	0.4875	293648
6.875	0.4925	968203
6.875	0.4975	875092
6.875	0.5025	505884
6.875	0.5075	1.31438e+06
6.875	0.5125	1.30137e+06
6.875	0.5175	473296
6.875	0.5225	740935
6.875	0.5275	1.478e+06
6.875	0.5325	631077
6.875	0.5375	780899
6.875	0.5425	828269
6.875	0.5475	948106
6.875	0.5525	891078
6.875	0.5575	924205
6.875	0.5625	1.30994e+06
6.875	0.5675	541304
6.875	0.5725	1.039e+06
6.875	0.5775	410639
6.875	0.5825	1.15709e+06
6.875	0.5875	977934
6.875	0.5925	548860
6.875	0.5975	490805
6.875	0.6025	662904
6.875	0.6075	739400
6.875	0.6125	250377
6.875	0.6175	838736
6.875	0.6225	251752
6.875	0.6275	586197
6.875	0.6325	784219
6.875	0.6375	323962
6.875	0.6425	536773
6.875	0.6475	557578
6.875	0.6525	769172
6.875	0.6575	458832
6.875	0.6625	949546
6.875	0.6675	242631
6.875	0.6725	356414
6.875	0.6775	387160
6.875	0.6825	138114
6.875	0.6875	144126
6.925	0.4925	323805
6.925	0.4975	877096
6.925	0.5025	1.35292e+06
6.925	0.5075	1.02429e+06
6.925	0.5125	525478
6.925	0.5175	1.09203e+06
6.925	0.5225	1.66245e+06
6.925	0.5275	1.23484e+06
6.925	0.5325	829396
6.925	0.5375	653707
6.925	0.5425	794620
6.925	0.5475	1.35386e+06
6.925	0.5525	1.0112e+06
6.925	0.5575	670258
6.925	0.5625	819872
6.925	0.5675	414586
6.925	0.5725	1.41332e+06
6.925	0.5775	478018
6.925	0.5825	558459
6.925	0.5875	544879
6.925	0.5925	521891
6.925	0.5975	701375
6.925	0.6025	719669
6.925	0.6075	738622
6.925	0.6125	791091
6.925	0.6175	257649
6.925	0.6225	324569
6.925	0.6275	581229
6.925	0.6325	310136
6.925	0.6375	543426
6.925	0.6425	312176
6.925	0.6475	505687
6.925	0.6525	585154
6.925	0.6575	512607
6.925	0.6625	815653
6.925	0.6675	476606
6.925	0.6725	504845
6.925	0.6775	129012
6.925	0.6825	586465
6.925	0.6875	430910
6.975	0.4925	92077.1
6.975	0.4975	497997
6.975	0.5025	650795
6.975	0.5075	1.59733e+06
6.975	0.5125	298801
6.975	0.5175	911443
6.975	0.5225	1.08719e+06
6.975	0.5275	938328
6.975	0.5325	614466
6.975	0.5375	819556
6.975	0.5425	777867
6.975	0.5475	548347
6.975	0.5525	1.11136e+06
6.975	0.5575	1.31779e+06
6.975	0.5625	816969
6.975	0.5675	982678
6.975	0.5725	556664
6.975	0.5775	1.04547e+06
6.975	0.5825	710376
6.975	0.5875	704929
6.975	0.5925	580526
6.975	0.5975	1.11295e+06
6.975	0.6025	696627
6.975	0.6075	232234
6.975	0.6125	630816
6.975	0.6175	699366
6.975	0.6225	459855
6.975	0.6275	866221
6.975	0.6325	548511
6.975	0.6375	76262.2
6.975	0.6425	209011
6.975	0.6475	228600
6.975	0.6525	483565
6.975	0.6575	484932
6.975	0.6625	424354
6.975	0.6675	279204
6.975	0.6725	404743
6.975	0.6775	476492
6.975	0.6825	392609
6.975	0.6875	596961
6.975	0.6925	69821.6
7.025	0.4975	31804.7
7.025	0.5025	1.00457e+06
7.025	0.5075	887377
7.025	0.5125	813651
7.025	0.5175	701587
7.025	0.5225	1.0753e+06
7.025	0.5275	1.07315e+06
7.025	0.5325	805294
7.025	0.5375	1.28953e+06
7.025	0.5425	567978
7.025	0.5475	295026
7.025	0.5525	1.11708e+06
7.025	0.5575	475734
7.025	0.5625	382346
7.025	0.5675	672857
7.025	0.5725	807119
7.025	0.5775	561333
7.025	0.5825	440302
7.025	0.5875	308218
7.025	0.5925	685194
7.025	0.5975	946210
7.025	0.6025	660630
7.025	0.6075	751699
7.025	0.6125	817469
7.025	0.6175	538619
7.025	0.6225	440341
7.025	0.6275	278855
7.025	0.6325	528544
7.025	0.6375	800078
7.025	0.6425	517198
7.025	0.6475	758081
7.025	0.6525	277118
7.025	0.6575	617188
7.025	0.6625	547269
7.025	0.6675	397944
7.025	0.6725	267045
7.025	0.6775	566177
7.025	0.6825	138342
7.025	0.6875	263598
7.075	0.5025	185162
7.075	0.5075	673941
7.075	0.5125	935513
7.075	0.5175	736962
7.075	0.5225	531749
7.075	0.5275	875206
7.075	0.5325	628313
7.075	0.5375	1.33264e+06
7.075	0.5425	1.00018e+06
7.075	0.5475	720158
7.075	0.5525	809657
7.075	0.5575	295897
7.075	0.5625	500113
7.075	0.5675	1.15384e+06
7.075	0.5725	513210
7.075	0.5775	373190
7.075	0.5825	509348
7.075	0.5875	800080
7.075	0.5925	778813
7.075	0.5975	562588
7.075	0.6025	627362
7.075	0.6075	491223
7.075	0.6125	785855
7.075	0.6175	476075
7.075	0.6225	589067
7.075	0.6275	214432
7.075	0.6325	271690
7.075	0.6375	524660
7.075	0.6425	352608
7.075	0.6475	270657
7.075	0.6525	402735
7.075	0.6575	336986
7.075	0.6625	390155
7.075	0.6675	313350
7.075	0.6725	486883
7.075	0.6775	64090.4
7.075	0.6825	417213
7.075	0.6875	190273
7.075	0.6925	63404.5
7.125	0.5075	314870
7.125	0.5125	598769
7.125	0.5175	476823
7.125	0.5225	613201
7.125	0.5275	820226
7.125	0.5325	746465
7.125	0.5375	751784
7.125	0.5425	785277
7.125	0.5475	1.03396e+06
7.125	0.5525	712257
7.125	0.5575	283434
7.125	0.5625	477817
7.125	0.5675	695843
7.125	0.5725	419430
7.125	0.5775	686168
7.125	0.5825	888437
7.125	0.5875	407338
7.125	0.5925	629730
7.125	0.5975	725165
7.125	0.6025	561615
7.125	0.6075	480452
7.125	0.6125	630859
7.125	0.6175	758346
7.125	0.6225	688969
7.125	0.6275	834258
7.125	0.6325	672826
7.125	0.6375	838828
7.125	0.6425	260130
7.125	0.6475	588226
7.125	0.6525	201457
7.125	0.6575	179352
7.125	0.6625	507704
7.125	0.6675	469761
7.125	0.6725	236051
7.125	0.6775	126579
7.125	0.6825	432787
7.125	0.6875	480375
7.125	0.6925	417035
7.125	0.6975	106393
7.175	0.5125	528530
7.175	0.5175	267880
7.175	0.5225	927987
7.175	0.5275	739617
7.175	0.5325	1.12422e+06
7.175	0.5375	637347
7.175	0.5425	851068
7.175	0.5475	450021
7.175	0.5525	869073
7.175	0.5575	813010
7.175	0.5625	838065
7.175	0.5675	920087
7.175	0.5725	646923
7.175	0.5775	525334
7.175	0.5825	449649
7.175	0.5875	983015
7.175	0.5925	438491
7.175	0.5975	263898
7.175	0.6025	280100
7.175	0.6075	674109
7.175	0.6125	326969
7.175	0.6175	404430
7.175	0.6225	607554
7.175	0.6275	340224
7.175	0.6325	455124
7.175	0.6375	474524
7.175	0.6425	370017
7.175	0.6475	923698
7.175	0.6525	178166
7.175	0.6575	368413
7.175	0.6625	300803
7.175	0.6675	557184
7.175	0.6725	327528
7.175	0.6775	537035
7.175	0.6825	145925
7.175	0.6875	117431
7.175	0.6925	438966
7.175	0.6975	116918
7.225	0.5125	158226
7.225	0.5175	472773
7.225	0.5225	636089
7.225	0.5275	587936
7.225	0.5325	303523
7.225	0.5375	816453
7.225	0.5425	573568
7.225	0.5475	946414
7.225	0.5525	915195
7.225	0.5575	581878
7.225	0.5625	446490
7.225	0.5675	403032
7.225	0.5725	582789
7.225	0.5775	878434
7.225	0.5825	854537
7.225	0.5875	501458
7.225	0.5925	432209
7.225	0.5975	554380
7.225	0.6025	451292
7.225	0.6075	678852
7.225	0.6125	320416
7.225	0.6175	307555
7.225	0.6225	318064
7.225	0.6275	381640
7.225	0.6325	452000
7.225	0.6375	704436
7.225	0.6425	359354
7.225	0.6475	279600
7.225	0.6525	168456
7.225	0.6575	240499
7.225	0.6625	423106
7.225	0.6675	336939
7.225	0.6725	631883
7.225	0.6775	103617
7.225	0.6825	307985
7.225	0.6875	412366
7.225	0.6925	260134
7.225	0.6975	108682
7.275	0.5175	180897
7.275	0.5225	436282
7.275	0.5275	283477
7.275	0.5325	312756
7.275	0.5375	642380
7.275	0.5425	626892
7.275	0.5475	1.00831e+06
7.275	0.5525	706698
7.275	0.5575	427460
7.275	0.5625	822192
7.275	0.5675	1.01507e+06
7.275	0.5725	549423
7.275	0.5775	961140
7.275	0.5825	487187
7.275	0.5875	494602
7.275	0.5925	293980
7.275	0.5975	737424
7.275	0.6025	383058
7.275	0.6075	761419
7.275	0.6125	701990
7.275	0.6175	552406
7.275	0.6225	361094
7.275	0.6275	912064
7.275	0.6325	472925
7.275	0.6375	264875
7.275	0.6425	379171
7.275	0.6475	610294
7.275	0.6525	491414
7.275	0.6575	229644
7.275	0.6625	61180.5
7.275	0.6675	592200
7.275	0.6725	221107
7.275	0.6775	493344
7.275	0.6825	316295
7.275	0.6875	230990
7.275	0.6925	184882
7.275	0.6975	251785
7.325	0.5225	250535
7.325	0.5275	350909
7.325	0.5325	372021
7.325	0.5375	688522
7.325	0.5425	661150
7.325	0.5475	603259
7.325	0.5525	703867
7.325	0.5575	647061
7.325	0.5625	473469
7.325	0.5675	649989
7.325	0.5725	505498
7.325	0.5775	435386
7.325	0.5825	539470
7.325	0.5875	474815
7.325	0.5925	364778
7.325	0.5975	469242
7.325	0.6025	427193
7.325	0.6075	415518
7.325	0.6125	422696
7.325	0.6175	491310
7.325	0.6225	298130
7.325	0.6275	395017
7.325	0.6325	468507
7.325	0.6375	120124
7.325	0.6425	351613
7.325	0.6475	229309
7.325	0.6525	324995
7.325	0.6575	376434
7.325	0.6625	162163
7.325	0.6675	110161
7.325	0.6725	205839
7.325	0.6775	100945
7.325	0.6825	357543
7.325	0.6875	239638
7.325	0.6925	289017
7.325	0.6975	184038
7.375	0.5225	20900.6
7.375	0.5275	302811
7.375	0.5325	464473
7.375	0.5375	325570
7.375	0.5425	442364
7.375	0.5475	611110
7.375	0.5525	558629
7.375	0.5575	563928
7.375	0.5625	504326
7.375	0.5675	712447
7.375	0.5725	695106
7.375	0.5775	572006
7.375	0.5825	658023
7.375	0.5875	396079
7.375	0.5925	354999
7.375	0.5975	679272
7.375	0.6025	566476
7.375	0.6075	696962
7.375	0.6125	623149
7.375	0.6175	602180
7.375	0.6225	346199
7.375	0.6275	796529
7.375	0.6325	437914
7.375	0.6375	731887
7.375	0.6425	435051
7.375	0.6475	244973
7.375	0.6525	426939
7.375	0.6575	490404
7.375	0.6625	159796
7.375	0.6675	432360
7.375	0.6725	448143
7.375	0.6775	293627
7.375	0.6875	183563
7.375	0.6925	502208
7.375	0.6975	276468
7.375	0.7025	85807.1
7.425	0.5275	66059.2
7.425	0.5325	300777
7.425	0.5375	463114
7.425	0.5425	538967
7.425	0.5475	579569
7.425	0.5525	694239
7.425	0.5575	478093
7.425	0.5625	486959
7.425	0.5675	488214
7.425	0.5725	391823
7.425	0.5775	384585
7.425	0.5825	603628
7.425	0.5875	394419
7.425	0.5925	325548
7.425	0.5975	324373
7.425	0.6025	494176
7.425	0.6075	510922
7.425	0.6125	557876
7.425	0.6175	407925
7.425	0.6225	351230
7.425	0.6275	386501
7.425	0.6325	382153
7.425	0.6375	252885
7.425	0.6425	389516
7.425	0.6475	515292
7.425	0.6525	683249
7.425	0.6575	357096
7.425	0.6625	157985
7.425	0.6675	532745
7.425	0.6725	300986
7.425	0.6775	351386
7.425	0.6825	578905
7.425	0.6875	382796
7.425	0.6925	190373
7.425	0.6975	354324
7.425	0.7025	91004.7
7.475	0.5325	135360
7.475	0.5375	192343
7.475	0.5425	353092
7.475	0.5475	270513
7.475	0.5525	478381
7.475	0.5575	338677
7.475	0.5625	549786
7.475	0.5675	596352
7.475	0.5725	325212
7.475	0.5775	767090
7.475	0.5825	755599
7.475	0.5875	314274
7.475	0.5925	434416
7.475	0.5975	208831
7.475	0.6025	571498
7.475	0.6075	316262
7.475	0.6125	482425
7.475	0.6175	53363.6
7.475	0.6225	226412
7.475	0.6275	332663
7.475	0.6325	374676
7.475	0.6375	562331
7.475	0.6425	337203
7.475	0.6475	653221
7.475	0.6525	576279
7.475	0.6575	159407
7.475	0.6625	203487
7.475	0.6675	454552
7.475	0.6725	218062
7.475	0.6775	280480
7.475	0.6825	331767
7.475	0.6875	270178
7.475	0.6925	269727
7.475	0.6975	128397
7.475	0.7025	261579
7.525	0.5325	9119.98
7.525	0.5375	138044
7.525	0.5425	220615
7.525	0.5475	242618
7.525	0.5525	262166
7.525	0.5575	312676
7.525	0.5625	668508
7.525	0.5675	438051
7.525	0.5725	595812
7.525	0.5775	913805
7.525	0.5825	705654
7.525	0.5875	469703
7.525	0.5925	260014
7.525	0.5975	431831
7.525	0.6025	500496
7.525	0.6075	313720
7.525	0.6125	432070
7.525	0.6175	645156
7.525	0.6225	355281
7.525	0.6275	426638
7.525	0.6325	568669
7.525	0.6375	502201
7.525	0.6425	393428
7.525	0.6475	493477
7.525	0.6525	515971
7.525	0.6575	340630
7.525	0.6625	293362
7.525	0.6675	379276
7.525	0.6725	228045
7.525	0.6775	42612
7.525	0.6825	219924
7.525	0.6875	124894
7.525	0.6925	263420
7.525	0.6975	383318
7.525	0.7025	329616
7.525	0.7075	39863.5
7.575	0.5375	3839.33
7.575	0.5425	102204
7.575	0.5475	176821
7.575	0.5525	341652
7.575	0.5575	361080
7.575	0.5625	537720
7.575	0.5675	433187
7.575	0.5725	409892
7.575	0.5775	605677
7.575	0.5825	580361
7.575	0.5875	591597
7.575	0.5925	485110
7.575	0.5975	192473
7.575	0.6025	561659
7.575	0.6075	445427
7.575	0.6125	534496
7.575	0.6175	141375
7.575	0.6225	445744
7.575	0.6275	316773
7.575	0.6325	212609
7.575	0.6375	490560
7.575	0.6425	335907
7.575	0.6475	376412
7.575	0.6525	290636
7.575	0.6575	392706
7.575	0.6625	473651
7.575	0.6675	249104
7.575	0.6725	268669
7.575	0.6775	277124
7.575	0.6825	247689
7.575	0.6875	466841
7.575	0.6925	301483
7.575	0.6975	115324
7.575	0.7025	78265.7
7.575	0.7075	197264
7.625	0.5425	37541.4
7.625	0.5475	101597
7.625	0.5525	126219
7.625	0.5575	218397
7.625	0.5625	188336
7.625	0.5675	330653
7.625	0.5725	485702
7.625	0.5775	529456
7.625	0.5825	454471
7.625	0.5875	425823
7.625	0.5925	326614
7.625	0.5975	605848
7.625	0.6025	341796
7.625	0.6075	639859
7.625	0.6125	372797
7.625	0.6175	377472
7.625	0.6225	354784
7.625	0.6275	532132
7.625	0.6325	678305
7.625	0.6375	94961.1
7.625	0.6425	276091
7.625	0.6475	301819
7.625	0.6525	306644
7.625	0.6575	236186
7.625	0.6625	228574
7.625	0.6675	186151
7.625	0.6725	174057
7.625	0.6775	308837
7.625	0.6825	123449
7.625	0.6875	78072.7
7.625	0.6925	275946
7.625	0.6975	149010
7.625	0.7025	79639.1
7.625	0.7075	80184.1
7.675	0.5425	2953.25
7.675	0.5475	9925.4
7.675	0.5525	136836
7.675	0.5575	102992
7.675	0.5625	236735
7.675	0.5675	244828
7.675	0.5725	358532
7.675	0.5775	356334
7.675	0.5825	420601
7.675	0.5875	484301
7.675	0.5925	465245
7.675	0.5975	350956
7.675	0.6025	408891
7.675	0.6075	611503
7.675	0.6125	473252
7.675	0.6175	486401
7.675	0.6225	460068
7.675	0.6275	453891
7.675	0.6325	301497
7.675	0.6375	276927
7.675	0.6425	603348
7.675	0.6475	351158
7.675	0.6525	409233
7.675	0.6575	159852
7.675	0.6625	134594
7.675	0.6675	170519
7.675	0.6725	342476
7.675	0.6775	440556
7.675	0.6825	300599
7.675	0.6875	327464
7.675	0.6925	343777
7.675	0.6975	370327
7.675	0.7025	187611
7.675	0.7075	230792
7.725	0.5475	2874.48
7.725	0.5525	37469.9
7.725	0.5575	153173
7.725	0.5625	86151.8
7.725	0.5675	178373
7.725	0.5725	333146
7.725	0.5775	317180
7.725	0.5825	473952
7.725	0.5875	290439
7.725	0.5925	450027
7.725	0.5975	398223
7.725	0.6025	540609
7.725	0.6075	299923
7.725	0.6125	419289
7.725	0.6175	362703
7.725	0.6225	175454
7.725	0.6275	131144
7.725	0.6325	593679
7.725	0.6375	627443
7.725	0.6425	354262
7.725	0.6475	259631
7.725	0.6525	419791
7.725	0.6575	447018
7.725	0.6625	267136
7.725	0.6675	512392
7.725	0.6725	202392
7.725	0.6775	207101
7.725	0.6825	309181
7.725	0.6875	190752
7.725	0.6925	155697
7.725	0.6975	182080
7.725	0.7025	111139
7.725	0.7075	285175
7.725	0.7125	103132
7.775	0.5525	18448.9
7.775	0.5575	13928.2
7.775	0.5625	104933
7.775	0.5675	137295
7.775	0.5725	206482
7.775	0.5775	267190
7.775	0.5825	194822
7.775	0.5875	439487
7.775	0.5925	248812
7.775	0.5975	229028
7.775	0.6025	336033
7.775	0.6075	365164
7.775	0.6125	329042
7.775	0.6175	496361
7.775	0.6225	297596
7.775	0.6275	410001
7.775	0.6325	478447
7.775	0.6375	331122
7.775	0.6425	428284
7.775	0.6475	241272
7.775	0.6525	447273
7.775	0.6575	240919
7.775	0.6625	452207
7.775	0.6675	391024
7.775	0.6725	159750
7.775	0.6775	271108
7.775	0.6825	278214
7.775	0.6875	366274
7.775	0.6925	236516
7.775	0.6975	69367.1
7.775	0.7025	283710
7.775	0.7075	205467
7.775	0.7125	250379
7.825	0.5575	7944.41
7.825	0.5625	15198.8
7.825	0.5675	113469
7.825	0.5725	95371.6
7.825	0.5775	111415
7.825	0.5825	215131
7.825	0.5875	263914
7.825	0.5925	301744
7.825	0.5975	415907
7.825	0.6025	332667
7.825	0.6075	297054
7.825	0.6125	695186
7.825	0.6175	608678
7.825	0.6225	244858
7.825	0.6275	326096
7.825	0.6325	121224
7.825	0.6375	386655
7.825	0.6425	474344
7.825	0.6475	426810
7.825	0.6525	78495.5
7.825	0.6575	154718
7.825	0.6625	263230
7.825	0.6675	234791
7.825	0.6725	188538
7.825	0.6775	301608
7.825	0.6825	337324
7.825	0.6875	302022
7.825	0.6925	105016
7.825	0.6975	187892
7.825	0.7025	101050
7.825	0.7075	101765
7.825	0.7125	223835
7.875	0.5625	12859
7.875	0.5675	20663.2
7.875	0.5725	9894.47
7.875	0.5775	226339
7.875	0.5825	198605
7.875	0.5875	199231
7.875	0.5925	177896
7.875	0.5975	262169
7.875	0.6025	185722
7.875	0.6075	434790
7.875	0.6125	238095
7.875	0.6175	220742
7.875	0.6225	432571
7.875	0.6275	234049
7.875	0.6325	267536
7.875	0.6375	307027
7.875	0.6425	464454
7.875	0.6475	149108
7.875	0.6525	371868
7.875	0.6575	295276
7.875	0.6625	192029
7.875	0.6675	307328
7.875	0.6725	251591
7.875	0.6775	290890
7.875	0.6825	174398
7.875	0.6875	175865
7.875	0.6925	253863
7.875	0.6975	193078
7.875	0.7025	96921.7
7.875	0.7075	128589
7.875	0.7125	275061
7.875	0.7175	64003.2
7.925	0.5675	10314.3
7.925	0.5725	20057.4
7.925	0.5775	70767.5
7.925	0.5825	102510
7.925	0.5875	129367
7.925	0.5925	211774
7.925	0.5975	191273
7.925	0.6025	143026
7.925	0.6075	366000
7.925	0.6125	355710
7.925	0.6175	295986
7.925	0.6225	252514
7.925	0.6275	413281
7.925	0.6325	370978
7.925	0.6375	475813
7.925	0.6425	420695
7.925	0.6475	298720
7.925	0.6525	580118
7.925	0.6575	257524
7.925	0.6625	241865
7.925	0.6675	360428
7.925	0.6725	208962
7.925	0.6775	206437
7.925	0.6825	201237
7.925	0.6875	301063
7.925	0.6925	228380
7.925	0.6975	96766.7
7.925	0.7025	131895
7.925	0.7075	158257
7.925	0.7125	152683
7.975	0.5725	3179.38
7.975	0.5775	20630.3
7.975	0.5825	24330.9
7.975	0.5875	101741
7.975	0.5925	102062
7.975	0.5975	176555
7.975	0.6025	180645
7.975	0.6075	290823
7.975	0.6125	229672
7.975	0.6175	276667
7.975	0.6225	242891
7.975	0.6275	454183
7.975	0.6325	396501
7.975	0.6375	321573
7.975	0.6425	426895
7.975	0.6475	292756
7.975	0.6525	342747
7.975	0.6575	275757
7.975	0.6625	176247
7.975	0.6675	203228
7.975	0.6725	212049
7.975	0.6775	173405
7.975	0.6825	195967
7.975	0.6875	483349
7.975	0.6925	262096
7.975	0.6975	247737
7.975	0.7025	175758
7.975	0.7075	119920
7.975	0.7125	146941
7.975	0.7175	184427
8.025	0.5775	13368.1
8.025	0.5825	14355.7
8.025	0.5875	47732.8
8.025	0.5925	132784
8.025	0.5975	101807
8.025	0.6025	76813.3
8.025	0.6075	190721
8.025	0.6125	85387.5
8.025	0.6175	205237
8.025	0.6225	324877
8.025	0.6275	203590
8.025	0.6325	194787
8.025	0.6375	277887
8.025	0.6425	458149
8.025	0.6475	345093
8.025	0.6525	240567
8.025	0.6575	301290
8.025	0.6625	124247
8.025	0.6675	393954
8.025	0.6725	199438
8.025	0.6775	603324
8.025	0.6825	352707
8.025	0.6875	190776
8.025	0.6925	121256
8.025	0.6975	124314
8.025	0.7025	85729.9
8.025	0.7075	169827
8.025	0.7125	148812
8.025	0.7175	167237
8.075	0.5825	4959.13
8.075	0.5875	13716.8
8.075	0.5925	32606.9
8.075	0.5975	77908.9
8.075	0.6025	65307.3
8.075	0.6075	163977
8.075	0.6125	138247
8.075	0.6175	197028
8.075	0.6225	200479
8.075	0.6275	203012
8.075	0.6325	173705
8.075	0.6375	388442
8.075	0.6425	299952
8.075	0.6475	306713
8.075	0.6525	203539
8.075	0.6575	288891
8.075	0.6625	291030
8.075	0.6675	131068
8.075	0.6725	407300
8.075	0.6775	219513
8.075	0.6825	287462
8.075	0.6875	120708
8.075	0.6925	148714
8.075	0.6975	87762.5
8.075	0.7025	235273
8.075	0.7075	143690
8.075	0.7125	136056
8.075	0.7175	229571
8.075	0.7225	30043.6
8.125	0.5875	6593.4
8.125	0.5925	16532.9
8.125	0.5975	50768.5
8.125	0.6025	94564.4
8.125	0.6075	77754.2
8.125	0.6125	99051.9
8.125	0.6175	111146
8.125	0.6225	162275
8.125	0.6275	165042
8.125	0.6325	138745
8.125	0.6375	235849
8.125	0.6425	264486
8.125	0.6475	257123
8.125	0.6525	436372
8.125	0.6575	288347
8.125	0.6625	201522
8.125	0.6675	528894
8.125	0.6725	302212
8.125	0.6775	83452.3
8.125	0.6825	275898
8.125	0.6875	157802
8.125	0.6925	204037
8.125	0.6975	252638
8.125	0.7025	243883
8.125	0.7075	225267
8.125	0.7125	53486.9
8.125	0.7175	231523
8.125	0.7225	25176.2
8.175	0.5925	1133.17
8.175	0.5975	24582
8.175	0.6025	25509.4
8.175	0.6075	79406.7
8.175	0.6125	152788
8.175	0.6175	126033
8.175	0.6225	233824
8.175	0.6275	161977
8.175	0.6325	116794
8.175	0.6375	152257
8.175	0.6425	184947
8.175	0.6475	268646
8.175	0.6525	398208
8.175	0.6575	189797
8.175	0.6625	176781
8.175	0.6675	231813
8.175	0.6725	325164
8.175	0.6775	148082
8.175	0.6825	402427
8.175	0.6925	266846
8.175	0.6975	185259
8.175	0.7025	53502.2
8.175	0.7075	175789
8.175	0.7125	118242
8.175	0.7175	75380.2
8.175	0.7225	70988.5
8.225	0.5975	3100.92
8.225	0.6025	13004.2
8.225	0.6075	21687.1
8.225	0.6125	33292.1
8.225	0.6175	151341
8.225	0.6225	89902.8
8.225	0.6275	188481
8.225	0.6325	179787
8.225	0.6375	156996
8.225	0.6425	167650
8.225	0.6475	251474
8.225	0.6525	185124
8.225	0.6575	180729
8.225	0.6625	149945
8.225	0.6675	139210
8.225	0.6725	316310
8.225	0.6775	190438
8.225	0.6825	219628
8.225	0.6875	255379
8.225	0.6925	268945
8.225	0.6975	106468
8.225	0.7025	128796
8.225	0.7075	231333
8.225	0.7125	127304
8.225	0.7175	174373
8.225	0.7225	122545
8.275	0.6025	746.585
8.275	0.6075	9943.31
8.275	0.6125	19307.3
8.275	0.6175	56854.4
8.275	0.6225	71109.9
8.275	0.6275	90478.6
8.275	0.6325	91641.5
8.275	0.6375	160378
8.275	0.6425	87130.4
8.275	0.6475	269275
8.275	0.6525	291238
8.275	0.6575	140674
8.275	0.6625	223878
8.275	0.6675	252707
8.275	0.6725	159365
8.275	0.6775	180730
8.275	0.6825	129021
8.275	0.6875	165143
8.275	0.6925	239807
8.275	0.6975	203762
8.275	0.7025	157107
8.275	0.7075	200338
8.275	0.7125	119881
8.275	0.7175	246442
8.275	0.7225	176754
8.275	0.7275	115340
8.325	0.6075	1280.06
8.325	0.6125	16003.5
8.325	0.6175	6379.94
8.325	0.6225	35342.2
8.325	0.6275	86948.3
8.325	0.6325	39747.3
8.325	0.6375	134632
8.325	0.6425	154109
8.325	0.6475	170406
8.325	0.6525	192708
8.325	0.6575	185958
8.325	0.6625	106916
8.325	0.6675	171214
8.325	0.6725	278458
8.325	0.6775	208319
8.325	0.6825	99796.2
8.325	0.6875	69737.6
8.325	0.6925	200573
8.325	0.6975	203561
8.325	0.7025	129562
8.325	0.7075	196681
8.325	0.7125	143525
8.325	0.7175	165046
8.325	0.7225	193151
8.325	0.7275	68308
8.375	0.6175	11761.3
8.375	0.6225	6884.37
8.375	0.6275	16666.7
8.375	0.6325	20456.8
8.375	0.6375	26622.5
8.375	0.6425	95378.1
8.375	0.6475	76811.6
8.375	0.6525	149522
8.375	0.6575	231155
8.375	0.6625	205173
8.375	0.6675	164970
8.375	0.6725	184439
8.375	0.6775	130186
8.375	0.6825	202037
8.375	0.6875	68283.5
8.375	0.6925	254758
8.375	0.6975	145690
8.375	0.7025	246562
8.375	0.7075	94384.6
8.375	0.7125	208443
8.375	0.7175	158804
8.375	0.7225	45841.8
8.375	0.7275	157782
8.425	0.6225	9155.82
8.425	0.6275	11370.6
8.425	0.6325	4845.79
8.425	0.6375	102771
8.425	0.6425	106133
8.425	0.6475	92241.3
8.425	0.6525	175545
8.425	0.6575	133771
8.425	0.6625	129324
8.425	0.6675	143650
8.425	0.6725	38648.5
8.425	0.6775	105753
8.425	0.6825	114340
8.425	0.6875	132957
8.425	0.6925	177294
8.425	0.6975	204519
8.425	0.7025	182219
8.425	0.7075	117042
8.425	0.7125	92361.4
8.425	0.7175	219648
8.425	0.7225	41845
8.425	0.7275	170641
8.475	0.6275	9659.33
8.475	0.6325	11917.9
8.475	0.6375	14743
8.475	0.6425	54118.2
8.475	0.6475	60706.3
8.475	0.6525	80640
8.475	0.6575	129437
8.475	0.6625	140617
8.475	0.6675	90326.7
8.475	0.6725	212971
8.475	0.6775	147050
8.475	0.6825	65350.3
8.475	0.6875	124803
8.475	0.6925	60020
8.475	0.6975	196571
8.475	0.7025	126971
8.475	0.7075	87741.7
8.475	0.7125	191691
8.475	0.7175	61581.9
8.475	0.7225	103762
8.475	0.7275	139140
8.475	0.7325	41450.6
8.525	0.6325	4864.89
8.525	0.6375	11527.3
8.525	0.6425	18896.7
8.525	0.6475	23142.9
8.525	0.6525	56005.2
8.525	0.6575	54102.1
8.525	0.6625	46096.9
8.525	0.6675	107934
8.525	0.6725	163051
8.525	0.6775	78990.8
8.525	0.6825	135455
8.525	0.6875	125569
8.525	0.6925	143663
8.525	0.6975	103261
8.525	0.7025	82196.8
8.525	0.7075	104829
8.525	0.7125	98644.8
8.525	0.7175	99043.5
8.525	0.7225	165961
8.525	0.7275	96693.8
8.525	0.7325	77774.3
8.575	0.6375	4442.01
8.575	0.6425	11039.2
8.575	0.6475	9333.31
8.575	0.6525	16155.4
8.575	0.6575	42131.1
8.575	0.6625	19813
8.575	0.6675	87445
8.575	0.6725	94322
8.575	0.6775	50030.4
8.575	0.6825	36109.5
8.575	0.6875	155451
8.575	0.6925	94541.5
8.575	0.6975	144005
8.575	0.7025	154359
8.575	0.7075	73522.1
8.575	0.7125	157382
8.575	0.7175	60536.8
8.575	0.7225	189258
8.575	0.7275	177622
8.575	0.7325	78423.6
8.625	0.6425	3464.55
8.625	0.6475	6075.93
8.625	0.6525	6125.33
8.625	0.6575	27868.6
8.625	0.6625	52719.7
8.625	0.6675	53760.8
8.625	0.6725	89432.8
8.625	0.6775	76410.3
8.625	0.6825	70007.7
8.625	0.6875	128722
8.625	0.6925	58708.5
8.625	0.6975	49493.2
8.625	0.7025	52965
8.625	0.7075	168237
8.625	0.7125	125181
8.625	0.7175	94681.4
8.625	0.7225	179488
8.625	0.7275	18406.9
8.625	0.7325	143782
8.675	0.6475	3006.45
8.675	0.6525	3366.95
8.675	0.6575	12173.5
8.675	0.6625	13460.3
8.675	0.6675	69341.6
8.675	0.6725	65480.7
8.675	0.6775	40225.1
8.675	0.6825	72934.7
8.675	0.6875	76924.2
8.675	0.6925	49753.8
8.675	0.6975	72398.6
8.675	0.7025	108207
8.675	0.7075	86990.2
8.675	0.7125	87328.9
8.675	0.7175	75696.9
8.675	0.7225	88358.2
8.675	0.7275	84627.5
8.675	0.7325	83647
8.725	0.6525	223.59
8.725	0.6575	1511.17
8.725	0.6625	7826.76
8.725	0.6675	2275.78
8.725	0.6725	31874.4
8.725	0.6775	58738.9
8.725	0.6825	38173.9
8.725	0.6875	73504.8
8.725	0.6925	85219.9
8.725	0.6975	82377.8
8.725	0.7025	96685.5
8.725	0.7075	74373.1
8.725	0.7125	77182.5
8.725	0.7175	84727.6
8.725	0.7225	36462.9
8.725	0.7275	168001
8.725	0.7325	141179
8.725	0.7375	48894.8
8.775	0.6625	5373.99
8.775	0.6675	12391.2
8.775	0.6725	5452.84
8.775	0.6775	17092.8
8.775	0.6825	49142.3
8.775	0.6875	50643.4
8.775	0.6925	17204.2
8.775	0.6975	54688.1
8.775	0.7025	44025
8.775	0.7075	61110.9
8.775	0.7125	34925.1
8.775	0.7175	88207.7
8.775	0.7225	26989.6
8.775	0.7275	59267.6
8.775	0.7325	134696
8.775	0.7375	16837
8.825	0.6675	6125.36
8.825	0.6725	7045.53
8.825	0.6775	5795.51
8.825	0.6825	8931.24
8.825	0.6875	35381.9
8.825	0.6925	68907.5
8.825	0.6975	17984.5
8.825	0.7025	95246.2
8.825	0.7075	56665.1
8.825	0.7125	88149.1
8.825	0.7175	8567.62
8.825	0.7225	73170
8.825	0.7275	95987.8
8.825	0.7325	61680.3
8.825	0.7375	99200.6
8.875	0.6725	1315.4
8.875	0.6775	6394.99
8.875	0.6825	3227.72
8.875	0.6875	7284.44
8.875	0.6925	47701.5
8.875	0.6975	57752.8
8.875	0.7025	24616.6
8.875	0.7075	56430
8.875	0.7125	71808.5
8.875	0.7175	40534.2
8.875	0.7225	103583
8.875	0.7275	12525.8
8.875	0.7325	125940
8.875	0.7375	72660.6
8.925	0.6775	394.933
8.925	0.6825	5560.33
8.925	0.6875	5560.68
8.925	0.6925	8923.76
8.925	0.6975	47160
8.925	0.7025	30168.6
8.925	0.7075	22487.2
8.925	0.7125	44115.6
8.925	0.7175	38807
8.925	0.7225	71551.2
8.925	0.7275	41465.9
8.925	0.7325	163124
8.925	0.7375	70123.2
8.975	0.6825	640.261
8.975	0.6875	2475.48
8.975	0.6925	2298.6
8.975	0.6975	6320.62
8.975	0.7025	16447.2
8.975	0.7075	4030.86
8.975	0.7125	17560.1
8.975	0.7175	19893.1
8.975	0.7225	104670
8.975	0.7275	77971.1
8.975	0.7325	35991.1
8.975	0.7375	33401
8.975	0.7425	17852.5
9.025	0.6925	1746.56
9.025	0.6975	3346.82
9.025	0.7025	4341.49
9.025	0.7075	14561.4
9.025	0.7125	18932.6
9.025	0.7175	37487.1
9.025	0.7225	41992.3
9.025	0.7275	38923.6
9.025	0.7325	66851.3
9.025	0.7375	62083
9.025	0.7425	71531.4
9.075	0.6975	1888.1
9.075	0.7025	6889.2
9.075	0.7075	3776.07
9.075	0.7125	6359.35
9.075	0.7175	14280.5
9.075	0.7225	33955.2
9.075	0.7275	47992.3
9.075	0.7325	40430.6
9.075	0.7375	28352.5
9.075	0.7425	47064.8
9.125	0.7025	140.69
9.125	0.7075	3005.05
9.125	0.7125	7002.77
9.125	0.7175	2749.52
9.125	0.7225	13050.2
9.125	0.7275	28631.4
9.125	0.7325	17368.7
9.125	0.7375	35717.1
9.125	0.7425	59848.1
9.175	0.7125	4095.21
9.175	0.7175	3480
9.175	0.7225	3024.71
9.175	0.7275	7085.79
9.175	0.7325	23981.2
9.175	0.7375	21218.4
9.175	0.7425	32355.9
9.175	0.7475	27879.4
9.225	0.7125	708.641
9.225	0.7175	530.298
9.225	0.7225	2270
9.225	0.7275	3345.65
9.225	0.7325	6577.57
9.225	0.7375	43397.5
9.225	0.7425	27774.6
9.225	0.7475	2412.78
9.275	0.7225	2990.65
9.275	0.7275	3602.37
9.275	0.7325	3931.07
9.275	0.7375	1765.15
9.275	0.7425	14257.6
9.275	0.7475	15471
9.325	0.7325	1586.3
9.325	0.7375	5997.45
9.325	0.7425	2518.95
9.325	0.7475	3418.66
9.375	0.7325	352.222
9.375	0.7375	262.972
9.375	0.7425	1646.41
9.375	0.7475	5163.69
9.425	0.7425	444.493
9.425	0.7475	1272.71
9.475	0.7475	679.671
